,no_of_the sample,total_timesteps,total_time / km,total_distance/km,Protein / micromolar,Polypeptide / micromolar,Amino acid / micromolar,Heteropolycondensate / micromolar,Polysaccharide / micromolar,Oligosaccharide / micromolar,Humic acid / micromolar,Monosaccharide / micromolar,Inorganic carbon / micromolar,Lipid / micromolar,Pigment / micromolar,Porpherin / micromolar,CDOM / micromolar,VPhenol / micromolar,SPhenol / micromolar,CPhenol / micromolar,Phenol / micromolar,DOC / micromolar
0,0,192,22.10648148148148,781.48923514523,22.38112776112642,3.709194873806327,0.589905227502153,439.88311870146094,26.517705292680734,1.6651386008127538,0.0008542625662846139,0.157162224929396,16.119209753108162,10.068176354298359,4.501819215647771,1.0236995845626975,52.29332485673046,0.27335506622430283,0.518526223005114,0.8486684388349708,1.6405497280643875,512.1384518274582
1,1,200,23.032407407407405,783.0056921754632,22.551487797521066,3.7708326576477686,0.5543247549103432,428.5601317464651,26.298155151568714,2.004526402627257,0.0009163919452690311,0.2035281335984601,15.490916211442231,10.75195619149225,4.478683388456559,1.0722573152130253,51.16059590597391,0.25638933876557507,0.5041262065184926,0.7500700544302064,1.510585599714274,501.75738553116014
2,2,203,23.37962962962963,780.3463882257528,14.642933218834521,2.208884421740952,0.35009849168400897,438.9049057471312,16.99146799299081,1.1569346849760291,0.00093573676545221,0.11574800191297374,10.247715462257727,6.566329475475984,2.8622183056995265,0.6952741719275484,49.23125742133087,0.16480077676999327,0.3167935559207034,0.4850149009675322,0.9666092336582288,485.4623394827972
3,3,189,21.75925925925926,782.3625247310677,20.192775275268374,3.4326215870020316,0.5012494378274107,389.54238742687113,23.89356995622468,1.4886402773880714,0.0008505701588246433,0.13647147579527044,13.21323974561445,10.339020850721823,4.141269960312059,0.8551633015877279,46.4544718960936,0.24040835016638218,0.49306225310957913,0.7347789845417978,1.468249587817759,455.9922697069751
4,4,203,23.37962962962963,779.5915418854175,18.82178367814549,3.0487756301990823,0.4549555662537356,401.6965027779103,21.937888046020056,1.5547163915493107,0.0009005138995080536,0.15830495877757172,12.47914402161234,9.095146838248553,3.7351548333368694,0.865189957620887,47.09408249750644,0.22739035863015006,0.44386502399369193,0.6678629838704243,1.3391183664942663,462.70843755845567
5,5,192,22.10648148148148,778.0372254855713,15.6084664566556,2.404762244458214,0.3393884086121674,453.3410155894033,17.90371822712647,1.2757719828389176,0.0009417732308491729,0.12687078795271392,10.856981631226452,7.194388605322271,3.067287180472411,0.7014227851268747,51.04054490948124,0.18494351743919127,0.37094690848637596,0.5861906021837252,1.1420810281092924,503.1061150693091
6,6,197,22.685185185185183,782.3709184755554,11.516672597634646,1.741467377914631,0.2555770844675308,452.5508530439265,13.259899968659393,0.9260922731490867,0.0009832453335978128,0.08605878799691764,7.737419641307197,5.4922860907240665,2.2980469076043764,0.49061289544370834,49.452772594510556,0.13191170890934312,0.2600876062910587,0.3878801614855406,0.7798794766859425,489.3984297495404
7,7,197,22.685185185185183,778.7325674917375,25.16016083357257,4.061775346601549,0.6289217954253564,415.1506565126267,29.48269575106046,2.102726546856926,0.0009255194262709508,0.21252497028788866,17.641495971315273,11.805719524674998,5.115225054174735,1.0947748065906615,50.824225859735805,0.2922096654983092,0.5735153021353506,0.9013788637314109,1.7671038313650707,496.5832104926632
8,8,199,22.916666666666664,778.8625864576052,17.355065997002388,2.8998658851580723,0.4338548931985353,462.619753064815,20.463236583070895,1.3213238799824463,0.0010079414580523574,0.13787630500259337,11.815234111584553,8.033192502241157,3.5302030774281175,0.7579978881626429,52.694302918500625,0.20709385695230795,0.40981630839800015,0.6213324004925016,1.2382425658428096,518.7916205833628
9,9,194,22.337962962962962,782.912593724397,19.56490831379348,2.9978428893652254,0.4441379437382376,430.91746551090847,22.655079117036923,1.5191321249375773,0.0008950875800567205,0.1544726808706851,13.262799774693791,9.046278639430232,3.809107595360202,0.938390529058844,50.24234528268545,0.21659909759938414,0.45371577277835035,0.6830480865804673,1.3533629569582017,493.4010733890381
10,10,189,21.75925925925926,779.3804725609234,16.537469546876537,2.6577937196206443,0.40617093672743193,409.76783783603366,19.316590488948016,1.231683678496603,0.0008403748021182911,0.12103942230115634,11.446548447548398,7.4950172947728415,3.3357533174507408,0.7083146563734222,47.07238039368354,0.209149969486036,0.4005858296656843,0.5956632359038887,1.205399035055609,462.7839103074587
11,11,196,22.569444444444443,778.3914379275808,19.994443598661444,3.2517354550484248,0.49031559732624347,424.0754983156109,23.437266612869063,1.5966203626496434,0.0009114178753451183,0.149483116287439,12.959420985025508,10.18535994813269,4.077574580787005,0.8525925887699687,49.780165147046446,0.23016546077562014,0.43834577353843546,0.6739244810260564,1.342435715340112,489.45423730935835
12,12,196,22.569444444444443,777.9793443299139,17.20884191963343,2.6319040548508403,0.41725390850769517,432.0077448078415,19.961188859623057,1.4191431174794895,0.0009469861368159036,0.13460391984824127,11.881631146765248,8.284530579598755,3.4577327521592345,0.7406296427770509,49.52316672976719,0.21075534388689768,0.40677083933700076,0.6041273382409624,1.221653521464861,487.486174069921
13,13,192,22.10648148148148,783.3905103861404,22.48952581018845,3.7263428042006406,0.5498500187373804,416.4444025157899,26.54120601165525,1.6924997759032354,0.0009549744386692906,0.16803538944687443,15.226516930931558,10.8866943723164,4.536061265931539,1.0202347555724423,49.970215152598676,0.2758094058342665,0.528479418508709,0.7730635953444572,1.5773524196874327,489.63316011386826
14,14,197,22.685185185185183,780.5507107767428,17.373049418215015,2.7595825724318344,0.4262953551222826,443.9184074568685,20.214462500221448,1.4185500869397487,0.0010406677238130758,0.14166501648369922,11.764317407600647,7.603490729814238,3.4643796109262563,0.7828719075338645,50.78374060259636,0.21170907384210244,0.4061797927715564,0.6164850625617275,1.2343739291753864,499.33816925145607
15,15,192,22.10648148148148,782.1227534189711,15.291115414636309,2.3345788270492607,0.34046031292015644,442.09315536936606,17.665601074348977,1.1359807135463145,0.0009390178493884198,0.1038683994034085,10.099978653859244,7.001778009858136,3.067884384725367,0.6273079144063813,49.79277385394279,0.18219031138802247,0.373412106411782,0.5327444804147776,1.088346898214582,490.75101633632426
16,16,195,22.453703703703702,782.7072892815002,25.312574519029774,3.7854146475949597,0.5877471260260071,402.36019450726087,29.0788864424206,2.029757166603878,0.0009293372111507448,0.20459136523368746,16.679965341481356,11.915881704824228,4.9742648803503515,1.1423329483684683,49.453457309019655,0.28611439643104397,0.577622534609909,0.8622708800856126,1.7260078111265655,483.11858245605055
17,17,198,22.800925925925924,779.8105239239363,20.78472917579502,3.5293928592490267,0.533896924677197,422.0300615078429,24.56794406679578,1.6397584000082048,0.0008929199565805597,0.1627983699828059,14.649244281266789,9.712902649517947,4.257462755012838,0.8981244946220553,49.914203844523946,0.2363244548399022,0.49229907905825415,0.7172477586026328,1.4458712925007893,489.56383541596114
18,18,196,22.569444444444443,778.965943085705,28.23919120042111,4.191656077551045,0.669544620238688,388.94396599289377,32.60924747228518,2.1870858657995607,0.0007799600684236589,0.21020695996775995,19.500802934431714,12.310398713960472,5.678399720219659,1.1672023235773983,49.20737185746144,0.3356961462058667,0.6165519920501533,0.9976127536618236,1.9498608919178435,478.1575397989009
19,19,202,23.26388888888889,780.0560411968698,24.055255526565485,3.959694301078541,0.5901027080967508,382.20069379053,28.223334822586708,1.9520005475069966,0.0008445643693190248,0.19843313426196144,16.603010289873094,10.938074797624628,4.874591488502892,1.0647562226843355,47.11032638428769,0.28057967864536654,0.5534359883948606,0.8186623371746418,1.652678004214869,459.71045990802253
20,20,194,22.337962962962962,776.8840247798736,18.300822649976894,3.151841809225801,0.4426765313291032,462.3861315830048,21.5682449608079,1.498038280972086,0.0009844249659620493,0.15007553157792974,12.099810560725,9.44704244276278,3.724542945852699,0.8056859510538287,53.03775479068871,0.21301998218457796,0.4571556822811931,0.659613640031217,1.329789304496988,522.8058764160269
21,21,192,22.10648148148148,783.2577589399401,27.68100697981627,4.180389215403929,0.6220498137126123,429.3110716868066,32.07530854261446,2.0363076660101673,0.0009267672891193319,0.20195008333600092,18.81621895797817,13.220325756422273,5.435559147535793,1.2694853880726649,53.065493231091516,0.32318945303929614,0.6628019899727235,1.0177686443236311,2.003760087335651,518.0381411343554
22,22,201,23.148148148148145,780.3805644394885,20.482792426603936,3.1363564644123945,0.46348764474735404,423.15106252995685,23.573635750377246,1.673100849278971,0.0008870709418413836,0.17347750193237502,14.213122542034672,8.955794876014982,3.973644134267762,0.9802093172017615,49.78858745899815,0.24517405067170328,0.4679972005682369,0.7151575726162548,1.4283288238561949,487.99277738959165
23,23,192,22.10648148148148,780.8980350681525,19.570553004455217,2.882971669402099,0.40375917943496786,423.7184804540527,22.33460748882212,1.5635858548523052,0.0008839547683124853,0.14828096540401217,13.046975017083932,9.429453742311342,3.858884517602369,0.8405219562296852,49.48223225160967,0.2226146113527168,0.48063755554690085,0.6722703540907398,1.3755225209903574,486.1275053083255
24,24,195,22.453703703703702,778.7216835055929,19.416964824567522,3.2302999795065115,0.44887435702688105,431.8388852142391,22.672016673450887,1.6180564892886047,0.0008876551477960655,0.15888722131733501,13.232531742460077,9.067680625252724,3.9355136325636577,0.8443834574066017,50.3628840675835,0.21850809234585586,0.45512437461830846,0.712434120104285,1.3860665870684494,494.61851671683604
25,25,194,22.337962962962962,778.025165916552,25.27716338837183,3.7300097801048477,0.5700762085243426,422.15789335275116,29.027907360860297,1.9961587033638595,0.0008258460972312085,0.1879428154049712,16.719831936258192,12.127661099442605,5.042108237596654,1.0597717301243919,51.4338226696131,0.3102160047918771,0.560490473308331,0.9124360303233094,1.7831425084235175,502.96066103106574
26,26,193,22.22222222222222,780.6055056689771,22.093863958616158,3.5076029182084785,0.4946439871723102,440.14076794920186,25.571250775957818,1.8332676646940873,0.0009405577106642068,0.17970438918032614,14.737044531605607,10.651125627339761,4.413477892408052,0.9845564490667572,52.14597988157528,0.2506649753131352,0.5050540064167024,0.8336214707509724,1.58934045248081,511.46054262203705
27,27,192,22.10648148148148,777.4247871682754,25.155592893301,4.045565673019607,0.6250566790995177,408.95085954041195,29.38070869759637,2.037976774931704,0.0008000490396080623,0.19659478846807912,16.83880687868016,12.473414623908859,5.068658704889898,1.1110356879566865,50.19400190504117,0.296569904751131,0.6359319731814218,0.8967777245622791,1.829279602494832,490.87554371511817
28,28,187,21.527777777777775,777.1208914868286,19.99670220375371,2.8507171770069517,0.4446997995209427,439.42817613799576,22.878651270501148,1.5388307292734187,0.000951986041273834,0.1314969586834138,13.49162578256429,9.486180537118921,3.9519156923659886,0.84925879179754,51.203502384418236,0.23353256452168666,0.4614938942234838,0.6984282869510726,1.3934547456962432,502.9510360297553
29,29,190,21.875,781.0498297039353,25.456306954753142,3.811746444680165,0.5399250966870949,418.72529354952945,29.19876863826341,1.9232308408303904,0.0008812800648681261,0.18651362104620295,17.42452908045874,11.537586025422893,5.01754110334246,1.0996247265606243,51.127801729225695,0.3101987131862612,0.6214880092458362,0.8636946378538093,1.7953813602859068,499.2927996414667
30,30,195,22.453703703703702,779.3846614720514,12.80502129013586,2.081864124961844,0.298233369223164,465.4439555410587,14.968188153473308,1.0018059654285019,0.0010322160581882338,0.09050358818228646,8.517620462023833,6.257323859009519,2.5472628591067754,0.5879531210615381,51.25887219564929,0.14640850789565607,0.31361929690008006,0.44530108114825917,0.9053288859439953,506.98847297364375
31,31,190,21.875,781.644523925135,17.672692929030895,2.848738654797328,0.3977322520920271,441.0091456716552,20.517250452686703,1.3893301100003728,0.0009190723238551504,0.13103808660811359,12.134569126840564,8.213471122239984,3.5170225710763416,0.7876959398528206,50.58489292616887,0.19695864548889797,0.4276924542114546,0.623805128090882,1.2484562277912343,497.7334930901549
32,32,188,21.64351851851852,778.6921852112131,17.452609550415104,2.506287765476124,0.37168220946876024,456.7644074519195,19.97311155768607,1.2618486784014538,0.0009399336050288713,0.12355126864069127,11.202112176385441,8.614591377335309,3.4118697466014813,0.7665957436814751,52.00706632155099,0.20167975998009693,0.41554728656175166,0.6158006232598581,1.2330276698017066,512.4805229530328
33,33,196,22.569444444444443,781.1719632052884,18.036674745911863,3.118297429585657,0.483068804225594,413.7285416456035,21.37951558851408,1.4571968806385036,0.0009436028066555675,0.1440002110788315,12.527546365850073,8.746369602692347,3.6738516184877708,0.8155688549897421,48.09753143579959,0.21824749275107247,0.43060734634831943,0.6589915947507106,1.3078464338501026,472.8918754183847
34,34,188,21.64351851851852,782.506329406692,24.596700473661226,4.1332855908585655,0.6181032444375251,401.4544819910803,28.960525327160582,1.8369948890671912,0.0008847123797553871,0.1830896760443933,16.816445254913713,12.480092561724339,5.014120859827902,1.05104632076876,49.26034555775377,0.29835269801680875,0.5950128024200612,0.8946955016326925,1.7880610020695624,482.11738664908
35,35,192,22.10648148148148,783.474734242238,15.60542537217283,2.513843186832401,0.38562675791801493,426.7693951115007,18.069543684698775,1.3432945900659237,0.0009454810717618949,0.1374072561551403,10.804441677396097,7.544386860350194,3.1580343545095397,0.6672184366303285,48.43130404505853,0.18718850424007935,0.3764952621728164,0.5531926140456283,1.116876380458524,477.3119974723641
36,36,195,22.453703703703702,776.8913362669791,17.898960077173502,2.832727297465759,0.42190647366707357,412.9122676895103,20.840401037878536,1.4002060981338857,0.0009166962747117187,0.1324721980273181,12.497721215422963,8.226530302501276,3.5831032969628964,0.7838859909673719,47.85870638945971,0.20910119509821226,0.42591044906564596,0.6092135826878334,1.2442252268516918,470.27760238541435
37,37,201,23.148148148148145,782.3776234939719,23.484657181148325,3.7193444907149042,0.5117019624898903,416.729865793237,27.204341977138245,1.9057598749929754,0.0009669786701430208,0.18240697399997569,15.53677048849309,11.38907682887481,4.68298356868793,1.0253992442639248,50.27516351473635,0.2697617736897998,0.5563893572911984,0.8263591852188893,1.6525103161998875,492.4890151904181
38,38,195,22.453703703703702,781.9656832473453,21.61477978810575,3.5688537435600876,0.5011938609840868,432.39291617246715,25.18946504250821,1.7633100541276594,0.0008907338287324411,0.17662939016676185,14.726328287919415,10.336968239267271,4.372867567509363,0.9379641474128361,51.20166626774086,0.2554483187835703,0.4789544855260508,0.7506425192096753,1.4850453235192964,502.3408840634573
39,39,194,22.337962962962962,776.9968848016349,20.17663324652323,3.343894320812275,0.5269066031393014,418.56941843328553,23.748748637590804,1.586761970726018,0.0008647696785828741,0.1642248084314744,13.783424655411368,9.553557295418729,4.108580712248301,0.8707154592307469,49.32645485777466,0.24489073376508025,0.4744346424006507,0.7126549823637305,1.4319803585294615,484.08228661561435
40,40,195,22.453703703703702,778.100692303294,30.97861908525089,5.07848999571233,0.7563978061403794,410.2037387717276,36.200568313915646,2.498569625126715,0.0009134006912014209,0.2360229284140858,21.57879141360551,14.612962517283012,6.297418131901893,1.3071297578013268,52.46408255772669,0.3912691612972651,0.7397990656628614,1.1152920225114393,2.2463602494715658,510.4171905834366
41,41,197,22.685185185185183,782.2027458701159,21.086622214915675,3.2995043864719005,0.557493548857631,421.9609651300119,24.56744296056501,1.771364154989551,0.0009637530175619268,0.16493770189097087,14.749414258198001,9.40177975394069,4.262631206875202,0.9166382519266596,49.97572226427592,0.25973295679478325,0.5076269779362541,0.7226220985456326,1.48998203327667,489.48032509673936
42,42,195,22.453703703703702,778.5512625626795,27.564916640531138,4.187681446358447,0.6669839730993793,407.86227094290615,31.780537607215635,2.2853686164645626,0.0009002332969500037,0.21638922616366263,18.564471361361164,12.553796666755133,5.437155042417897,1.2442968239559498,50.86333594274687,0.3190701173831406,0.6599600991429028,0.9578343835627166,1.93686460008876,495.73716181925363
43,43,192,22.10648148148148,780.1962848813249,17.73097685230952,2.837777160067436,0.4140294068353011,393.7235434849749,20.663429427590987,1.3490248420300788,0.0008229344665339454,0.12479020316973159,12.039828782804738,8.350321175574043,3.5676632423649153,0.75801021762092,45.897435436278734,0.21345454787523566,0.4447622260798267,0.6336315368462996,1.2918483108013619,450.8122372578057
44,44,199,22.916666666666664,776.7855188389786,10.657984171580148,1.769744609877897,0.24032948113230937,461.5169888241926,12.339245298026151,0.9282873144934776,0.0010700620246449802,0.09757827542673392,7.266374403561076,4.940607487832206,2.1044299280143006,0.4997691911997432,50.061693765063175,0.11917924383619011,0.24633750155619497,0.3617479402798987,0.7272646856722838,495.8232993294725
45,45,193,22.22222222222222,777.2080064939241,16.343639493090787,2.569619624138789,0.3754465176748334,449.19378395276544,18.79492906592014,1.39011615009254,0.0010103994946379967,0.12896545227442396,11.051720436316016,8.018443378335247,3.231370976135182,0.7346531200687649,50.89984763829724,0.18812568421648515,0.4006463801816365,0.5629891401705909,1.1517612045687127,501.93373933455945
46,46,193,22.22222222222222,782.974715839958,12.33260629762548,1.9613701817148714,0.30746729765850495,444.4369832913246,14.433785396812805,0.9744115941460019,0.000944429200372908,0.09136527314611247,8.388239105461736,5.991370150334805,2.4712827691467893,0.5576590445019404,48.99453182856198,0.1407138294285659,0.2991837540089611,0.43474198025409844,0.8746395636916253,484.43388528930393
47,47,191,21.99074074074074,781.5696834528418,22.751325822290365,3.8024112546772812,0.5284560546042524,425.0074635588762,26.634517398333873,1.7599793866101705,0.0008724302341104957,0.16085004486353982,15.151009236114936,11.63670636239422,4.6176712307640075,0.958112024102509,50.912677965725884,0.28158336547603363,0.5681844192253274,0.8502800114886562,1.7000477961900171,499.5584133639405
48,48,195,22.453703703703702,777.8545624993644,17.74487902668949,2.7936482391895643,0.4605902353162306,394.32233428102677,20.672421588097183,1.4483068820483498,0.0008487650300831638,0.14506168579828513,12.356693656476246,8.140586118811068,3.600993077677582,0.750401501645718,45.98293509126044,0.21172810464703148,0.41160922233867325,0.6639935250309963,1.287330852016701,451.36740225334705
49,49,193,22.22222222222222,779.1855211241883,16.950090129188894,2.916349389510693,0.4279548320485324,405.05584114172063,19.899757548709015,1.4137022240615664,0.0009085947730222576,0.14358690555445933,11.275137568883448,8.552067037064681,3.4187584561683124,0.7764646297941459,46.790951767592176,0.2056758280910641,0.41004480458259834,0.5816598356256099,1.1973804682992721,460.75286135689316
50,50,198,22.800925925925924,779.339988880991,17.615162910709174,2.8249836272674287,0.4053619683391304,425.6689848177712,20.322957116608663,1.569188857934772,0.0008683276568818418,0.16052483515601573,11.520443533009988,8.586819187950747,3.507441152167515,0.798002487240253,49.04562163885284,0.2064970900174136,0.41226458627267587,0.6290056770342393,1.2477673533243288,482.70806264212615
51,51,195,22.453703703703702,780.9403771566452,27.724180329827895,4.557212320403027,0.6170688272843105,421.6732662413419,32.4332428346041,2.100252977198045,0.0009178457899001975,0.19380778015871716,18.26681378330455,13.821964468604962,5.569143420670899,1.2152487760500732,52.37661592974158,0.32867809735424763,0.655586803795034,0.9929444197708156,1.9772093209200974,511.883515142854
52,52,204,23.49537037037037,778.6292506622138,18.354767983578487,2.7812769129151627,0.4254499318610749,456.71003158043516,21.011031013577252,1.6269505056219022,0.0010748880421922113,0.17681835954098823,12.207330916184773,8.196409223665418,3.65687434664625,0.7960980576800214,52.37887118615677,0.1999030697402674,0.42836920568385517,0.642693862239938,1.2709661376640606,515.0077489412281
53,53,189,21.75925925925926,781.9214080907208,20.115416816448022,2.9777850339279577,0.41743377619623023,399.12907299953446,22.984927583126577,1.5264878010076417,0.0007679784143417918,0.1405462204799405,13.760648803430207,9.001487767751087,3.945398252005668,0.8705628293043093,47.206931222979954,0.23207288251714245,0.49625952388302413,0.6853680786656771,1.4137004850658437,462.52358754326207
54,54,199,22.916666666666664,782.2578660571675,14.60868359135739,2.2030891596947932,0.3413496484820006,489.300069222736,16.805051554887584,1.2232289349488417,0.0011174748353076022,0.11547129200667941,9.97203430806552,6.672433195884452,2.8757592697133787,0.6669488302096054,54.264837120333446,0.16068076320462488,0.3305419585213741,0.5125764873683177,1.0037992090943166,535.8170013838501
55,55,199,22.916666666666664,778.4115651418213,19.777012191998487,3.1417115224175745,0.49178495301650554,430.81300690395085,22.941179693091208,1.634484651918208,0.0009524389177205994,0.17425029004430076,13.801776776443509,8.886745947345844,3.947812881380553,0.8800313186801889,50.34335392143363,0.21915578775819183,0.46163490774176935,0.7025663098877771,1.3833570053877384,494.07232979814927
56,56,192,22.10648148148148,777.584948167098,24.696604958056362,3.8919107528152628,0.5316644499147648,422.19258135533335,28.66931771802713,1.8401479053228846,0.0008543052722902336,0.1787716099589649,17.275436009527677,11.404247151850983,4.881613678909293,1.1193928238281965,51.27211575021371,0.3075565458163631,0.5721886142450435,0.8844688282332421,1.7642139882946486,501.1713206975841
57,57,194,22.337962962962962,777.803020603107,22.428930233246074,3.6049869195131783,0.48364647685255,398.55946061757925,25.970540593750545,1.78550439852549,0.0009102381254791921,0.17130968447951728,15.702433541482115,10.117984446616063,4.453857925845241,0.998482105308798,48.093482306133744,0.265560152040421,0.5450966982144879,0.8326861494335246,1.6433429996884334,470.21895663953063
58,58,201,23.148148148148145,779.7572604322066,15.440218202156723,2.507172615096246,0.36718347764136494,428.9001210656917,17.973734407486674,1.3077327678218396,0.0009697157331042562,0.12682430017908466,10.063085410925758,7.2421459022303,3.1152672105506767,0.6763527140104654,48.57518961326065,0.17483904079672463,0.3700763930944173,0.5142838446381327,1.0591992785292748,478.7169216571274
59,59,199,22.916666666666664,782.8639725727627,16.110824700761135,2.515087172717133,0.39844564420312906,431.4826714327769,18.77996052104026,1.3303212063364125,0.0009294443523929405,0.1320938743607692,11.213177526955517,7.201812875377186,3.2770097972256513,0.6828366733483784,49.08997074847009,0.18391303493702504,0.3803459334505464,0.5593006211344052,1.1235595895219765,483.0355529320213
60,60,204,23.49537037037037,782.1211293776619,11.066205223583005,1.9784933561002942,0.3278305153723477,440.2660923740216,13.311708851920685,0.9018790314778156,0.0010116585084646696,0.09167311510054635,8.136179845350043,4.803754156923452,2.2603780207507946,0.5250999531789771,48.17437079338692,0.1267669288561438,0.2647129645532829,0.38325665112599594,0.7747365445354226,476.30886280147337
61,61,192,22.10648148148148,781.8774704753837,22.787638807922182,3.4515505324993967,0.4830946123754782,403.9899015424316,25.99103741418689,1.901050417806523,0.0008998700937914966,0.16999855432786992,15.296406319157866,10.734212073910376,4.533673597500902,0.9542434257834373,48.704741936457154,0.2677614760682016,0.5334440971542665,0.8323425423454927,1.6335481155679608,476.6308489644064
62,62,196,22.569444444444443,779.7147362067477,16.797693709566285,2.690531732839165,0.4282635513094907,402.2127547164473,19.623753390331018,1.3633171839493046,0.0007954725082979208,0.13118613081138142,11.207195899339538,8.25687552508434,3.3144971927241436,0.805548299818866,46.42576150508034,0.1984311547307957,0.40657678352649207,0.6212683342759503,1.2262762725332381,456.8514931779228
63,63,198,22.800925925925924,778.5665567374778,16.330403554373085,2.9092758024549368,0.42105542518781,436.3085534879223,19.46430768960977,1.3071420985364148,0.0009342167895154233,0.12098548565781954,11.76430949543711,7.332079813323699,3.364570334014112,0.7188110339589359,49.7423797522379,0.19228635308934003,0.41581413949300633,0.5891803560094752,1.1972808485918214,489.4753997904202
64,64,198,22.800925925925924,778.2845154342456,18.37476179537648,2.9449317880174166,0.4434060992936216,432.96063167846455,21.49814160417899,1.3924046751346386,0.0008909248872274134,0.14070817982004888,12.334642171691167,8.533937551298548,3.639712692180621,0.8536999066477765,50.05321503187946,0.20777402024908792,0.4268182159600769,0.6571140839937424,1.2917063202029073,492.0749332155028
65,65,202,23.26388888888889,777.1914658596933,16.597549749962813,2.7942794640537354,0.449869874735619,447.9750587555327,19.5120519981072,1.4752779125790576,0.0010709141639038385,0.14491371160311092,11.715803969419301,7.80180885012897,3.288800343097745,0.824443013963114,50.95653068696602,0.19419253242138967,0.4033734047318131,0.5722112730152907,1.1697772101684936,502.0349017980965
66,66,196,22.569444444444443,782.2580160918037,25.238821710925553,3.9257292671317403,0.6218590523061264,386.4583943848525,29.332665540552128,1.9532484123175144,0.000821023869426197,0.19499643948763057,17.613600408141288,11.744507627044422,4.964621837041852,1.1704556515655768,47.87252888538868,0.27939766798609733,0.5840710787809694,0.856924547788816,1.7203932945558829,467.3265142416504
67,67,198,22.800925925925924,778.5038965303087,23.41693916272535,3.733970484327129,0.5672088435631816,406.76989384092315,27.171670414416035,1.9192146719938041,0.0008375501519924618,0.19679094831391927,16.07297263658111,11.176728529151992,4.601787621419184,1.116762385251848,49.25006727619677,0.2755962662580248,0.5094172387229012,0.769028825809678,1.5540423307906042,482.22584678302826
68,68,188,21.64351851851852,783.118360107721,24.44248344772354,3.867322909693275,0.5279259216468888,435.00069045215645,28.335266337233296,1.8710852410061731,0.0009558685676063547,0.17355227683515853,16.18911889655231,11.97345535790177,4.94029525382225,1.0004209235627206,52.47329179228052,0.291766884915972,0.5843119833734337,0.9065218132486063,1.782600681538012,513.9160546716871
69,69,199,22.916666666666664,779.2606521542549,16.80572058974169,2.4550251841620927,0.3906992016542039,449.60384116987643,19.27621217467187,1.3501598837338398,0.0009945315911666927,0.1339806316043774,10.811463540749681,7.930562157373861,3.249257940373751,0.7926534807406002,51.064904798037546,0.19435016320550072,0.3773318517401158,0.5860064728161132,1.1576884877617297,503.14679543328566
70,70,201,23.148148148148145,781.9322044723206,18.345556856665976,2.850173430736429,0.4948268031973501,452.2556487878458,21.433542853162606,1.4946307917503794,0.0009671617596361911,0.15797434833728896,12.171855100287123,8.591279221362605,3.6199632169915668,0.885389824742071,51.97457089188469,0.19889262435516628,0.4239199481077487,0.616876172082158,1.2396887445450728,511.36964204109677
71,71,195,22.453703703703702,776.4418911280296,18.624194667880722,2.6841368617930756,0.4035584190728972,408.9488012148837,21.36809134124686,1.44064165238741,0.0008309088794253428,0.1428157892860038,11.877238915699804,9.160058071700494,3.601754304986996,0.8726160208152314,47.657419643903836,0.219722084475606,0.4267247674341357,0.6437038445301811,1.2901506964399228,468.53764994937274
72,72,198,22.800925925925924,782.6442452864496,16.237041884691788,2.7308527767865276,0.4088779900945554,429.49763309406734,19.06360460614591,1.3511044497310918,0.0009266572943499069,0.1447626231339081,11.288907969083791,7.6846150098954595,3.254019644131528,0.7576121573699861,48.9761169735129,0.18993664454038192,0.3847302171438602,0.61023518115054,1.184902042834782,482.31595293617727
73,73,201,23.148148148148145,777.0947491692978,18.10309866985807,2.9016953716459266,0.4593238023091609,402.09520271566237,21.066571423154947,1.6326519753521673,0.0008588804671911535,0.161998053121974,12.999650005439493,7.732720938487601,3.5991508181295297,0.8601169995265286,46.88454579813012,0.2118077992129217,0.4037316002379421,0.6130904245552353,1.228629824006099,459.84201947172164
74,74,200,23.032407407407405,781.319403878245,22.12477146008389,3.551193895180953,0.5404711875904381,420.0484444096983,25.75935662117092,1.8808610804502968,0.0009753581798016422,0.18965169627210804,15.611517655884567,9.934000489785289,4.359934838974405,1.0687509706842904,50.167509013139494,0.27021929946766904,0.5281318464775853,0.7819567828504379,1.5803079287956923,491.03871993686636
75,75,189,21.75925925925926,781.2290474236003,19.77494155100213,2.899496820759842,0.4332716216963964,446.96355598551196,22.564274195786826,1.6105517407002123,0.0009029390506077506,0.147905886124291,13.332336802943717,9.455353280232885,3.9212024986718528,0.8371097598057932,51.888128930537505,0.24625684807644668,0.444140376825182,0.6913207096694407,1.3817179345710695,509.9902842139138
76,76,193,22.22222222222222,783.2380990599011,16.40389638082572,2.5070207442136736,0.3965833678354698,443.2180882496217,18.993284623293302,1.3281287714597887,0.000961154213557024,0.12033937868990427,11.05254753504057,7.877333022524908,3.2720411512549465,0.7263205657110711,50.34866706563531,0.18376580864767955,0.37675341831686165,0.6155622446249709,1.176081471589512,496.02007888123353
77,77,195,22.453703703703702,779.5379929536468,21.432914924320954,3.5297018548919423,0.5161367959556529,397.47775433483883,25.0961065218492,1.680636436783929,0.0008171201075052884,0.15951653319065823,14.468610764903556,9.861572430459226,4.227394911892402,1.0325782088292599,47.65774460773503,0.2544131161754341,0.4994490697105294,0.7816061810758321,1.5354683669617957,466.55059844008133
78,78,196,22.569444444444443,780.5524746523936,24.55920214479864,4.092079826868146,0.5698239539137013,385.31934299374075,28.696115388633334,1.95732626992531,0.0008534750959639028,0.19484540984746979,17.4813461260326,10.907670992635877,4.890434741325509,1.1201357827684273,47.58141263339464,0.30803309546484225,0.5536257626581653,0.9049702189883789,1.7666290771113866,464.0744600566645
79,79,202,23.26388888888889,779.3789109841078,11.541687272099216,1.9170145878975495,0.3006327398549618,459.952954375865,13.677486562161567,0.9024638543882723,0.0009715756453812091,0.09053109658273942,7.697725720733843,5.5579703315352855,2.2749887131089603,0.5837802705031148,50.274675095672926,0.13181033231384584,0.26187715914057536,0.4137123487408334,0.8073998401952546,497.6078812198372
80,80,203,23.37962962962963,779.8489800546397,13.07901861091707,2.136259624159025,0.32947342898669074,459.9316679137858,15.358260057282354,1.0138996098533024,0.0011286084745973234,0.10124153713160182,8.987818480858174,5.811137332426574,2.636320804549488,0.5753775429344277,50.81250987865025,0.1441579544307094,0.30279893710604017,0.4613548620876405,0.9083117536243901,501.8820968241253
81,81,197,22.685185185185183,783.1400805812223,16.49132136367149,2.701277916111049,0.38422314619406644,437.9469446889414,19.26745876992645,1.2707743717466695,0.0009211943320386648,0.12034702074446242,11.30104581679219,7.45938650706602,3.3196907439771657,0.714921361461509,49.85796007569804,0.19780172853918093,0.386626262398152,0.5656367514810839,1.150064742418417,490.8273318265907
82,82,198,22.800925925925924,777.2353863272176,20.034496904256695,3.1649986064610256,0.5077538422730477,456.88789758197356,23.44953193735615,1.516162357037882,0.0010772054304214902,0.14671066612793737,13.884684066262475,9.39049270049595,3.9580641082501042,0.9382179486860276,53.04611503387843,0.2372885381967816,0.4797680862063213,0.6695904311098236,1.3866470555129267,521.3820509138618
83,83,199,22.916666666666664,780.689700700098,18.111811152198225,2.762402276852366,0.40026156180472816,435.9210319650864,20.798798986518836,1.4656608383530194,0.0009836559012780506,0.15272817631267954,12.44208760389667,8.358334180134634,3.4867540033289477,0.8771984900399464,50.18851634497049,0.21984176162658162,0.42606405202368763,0.6306988526319162,1.2766046662821853,493.6125699528132
84,84,197,22.685185185185183,780.3106364701546,15.857275316978644,2.571526225463766,0.33125397595582556,425.5347723439395,18.46020528834779,1.209534207903619,0.0008677740787997303,0.11469365573528902,10.740365473298477,7.294710716091093,3.1720961399688834,0.6922102878640217,48.37555400323393,0.19609529803156114,0.3759730583542847,0.5553340960662836,1.1274024524521296,476.3665483847794
85,85,195,22.453703703703702,780.1229536673346,20.954299779760063,3.224487948797074,0.45296983165664667,407.62536499163986,24.01900687487079,1.8100501871575623,0.0008725711998996023,0.1863514789674336,14.011684043649144,9.39245964884423,4.1190236148402235,0.9651186174900324,48.43365149759264,0.24649397155985922,0.517714822975546,0.7253148058354847,1.48952360037089,474.2395291455947
86,86,199,22.916666666666664,783.4103448255466,19.297185256961985,3.039779992122355,0.4920048601513637,400.16602169306753,22.35790665808475,1.7114425186631288,0.0008404614733987342,0.16207625520762328,12.959512795651742,9.56234377211429,3.8286397435686417,0.8928834939612924,47.10626024459528,0.23395431945278794,0.44328825784359016,0.6512917016805614,1.3285342789769397,462.83965898435326
87,87,199,22.916666666666664,781.2768704926076,23.058646261981647,3.569618846945765,0.5524399718549139,394.3401158510769,26.603878729515632,1.9783046167629914,0.0009168970805091245,0.20360970108441964,15.076503062432936,11.405168862978863,4.591228164405184,1.0300600066572256,47.880931544925375,0.27096544107665704,0.5291798774974369,0.7749066891746976,1.5750520077487915,468.90903991809296
88,88,194,22.337962962962962,779.7507395819529,22.030235397700388,3.57708905120425,0.5024650014103393,385.91929583778636,25.63610932611448,1.6897449350730194,0.0008149553802775344,0.17115905523822417,14.752390856490221,10.122833328195094,4.383975841730747,0.9874004340355932,46.66945295921006,0.2540604419391551,0.5287057699334818,0.741850636294174,1.524616848166811,456.54574001203554
89,89,198,22.800925925925924,782.2867782895948,15.045430559721144,2.4422356177822806,0.36598886579230283,431.2613589327692,17.604161967841478,1.2285605905338235,0.0009320314355751117,0.11701556491854176,10.177131086983646,7.251742616994272,3.0118286233183498,0.679693162613695,48.671343490392545,0.173630939995222,0.3513556598080821,0.5330217493223215,1.0580083491256256,480.0669568828463
90,90,196,22.569444444444443,780.7938051714066,21.29412870743233,3.045245276600057,0.4700431380660039,449.1234529253885,24.471006920579416,1.5665388792307844,0.0009316383920482906,0.15865861971894207,13.604310912027392,10.738717177584865,4.141841335854939,0.9687748293714389,52.63282906142537,0.24879933830111836,0.492509464630784,0.714614630149631,1.4559234330815334,517.4352628813009
91,91,192,22.10648148148148,778.3332129893286,18.410844989224813,2.7962442701377643,0.4488828414226509,425.1486583849875,21.33386269882198,1.389320272534983,0.0008827982405298968,0.14369701624438583,12.23069258129314,8.747016551003346,3.6132124971490382,0.8454871566419013,49.25317092270742,0.22377281500311816,0.424531851689513,0.6805466408687134,1.3288513075613446,484.2069607839703
92,92,193,22.22222222222222,778.3152362394331,21.05796087284771,3.0339677391969024,0.47983891462081507,396.67564307283214,24.118470017529496,1.6517765103178965,0.000796801881539442,0.1600342208943545,13.849045111889522,10.48139170002874,4.1018779431189145,0.9506470511445797,47.31949946621285,0.2576318565315595,0.5032838790189101,0.7348844989385123,1.495800234488982,464.2082050789021
93,93,199,22.916666666666664,783.5166554963043,22.63265586323105,3.5455124721744435,0.5377693804912824,415.06169910977184,26.25203714994434,1.853539010617189,0.0009036913029942968,0.17592219223320196,15.720077935337573,10.321555924687978,4.442340534553264,1.073257480772231,49.81198895562368,0.27009728501922503,0.5201890310589536,0.806548359672976,1.5968346757511547,487.4940274855309
94,94,190,21.875,776.9113704146222,22.915182004601533,3.4761223847582365,0.5352082812763223,424.31073229735085,26.473407429567537,1.836820698221848,0.0008627396167686099,0.16949067501676676,15.67524242746658,10.572578307618675,4.520846422466205,1.0344992757460314,50.82755592169654,0.2710034143901706,0.5478379558429779,0.8466701245821954,1.6655114948153438,497.5112620110562
95,95,195,22.453703703703702,780.4055518507364,19.494947052528484,3.021903238987985,0.4467954990033332,463.9911369188695,22.58313531348091,1.4494270152506108,0.0010006759259861045,0.14484739505429411,13.316318127069298,9.103980789989649,3.83299758944322,0.8814639413307147,53.4949437792317,0.22992698692152008,0.4375440582403211,0.6412375951956247,1.308708640357466,526.2603440702222
96,96,200,23.032407407407405,780.2719214005447,15.482717086479246,2.5486060736645615,0.3837587049839264,446.513860108453,18.23830469279198,1.2119669132200304,0.0009328099626015236,0.12178105711649585,10.6461685981293,7.038051981164475,3.1066980184235,0.7101048754818086,50.37866757790658,0.18478869549571347,0.3512700033255913,0.561538163324289,1.0975968621455938,496.4543791838872
97,97,200,23.032407407407405,781.9025936782432,18.282689721658926,3.120451610313377,0.42883006326261924,474.9018648851779,21.533058936137817,1.4293211039579077,0.0009665449577029222,0.14195575849169828,13.181205648489,8.176861666851929,3.7060128053659467,0.8060116708430576,54.248568485057184,0.21279663052916123,0.4357069856889567,0.6184313782197509,1.266934994437869,533.7949597614567
98,98,190,21.875,779.8405128661084,20.587114813114752,3.4499304257066816,0.49561907498703067,415.51771289917616,24.25949994342949,1.6196779210675143,0.0009259432800045894,0.14797924580221797,13.662257343474824,10.179145480160559,4.150697142458562,0.9323774526252342,49.180933280082336,0.25495449290879335,0.5134543231686752,0.7084878923147883,1.4768967083922568,482.8175770502005
99,99,203,23.37962962962963,777.8611131827573,11.292638825826598,2.0222790670596855,0.28020805521262543,463.9160086883048,13.424096029995402,0.9354417477541365,0.0010278754905029262,0.08955095320627918,7.800619398795152,5.239471650774626,2.305533116568218,0.5185148368991364,50.596620814682964,0.1292574507361374,0.258325852499842,0.37516854465026583,0.7627518478862453,500.78752269497824
100,100,203,23.37962962962963,778.7658650618429,20.095265164940045,3.148824991247639,0.5188027575309876,387.3250279761977,23.574422195175366,1.6038388882170649,0.0009275471837083557,0.15652713379409347,14.087128067665036,9.131671025761484,3.9917525665233797,0.9424284118265077,46.13901827937874,0.2328685228368061,0.45959704918449157,0.7099828731758995,1.402448445197197,451.8919371035951
101,101,203,23.37962962962963,778.3005466977141,19.767808699704798,3.2103086429606953,0.5027939810178877,432.0608508528528,23.291790097386407,1.6219438432164914,0.0009324602184428055,0.16119770508193967,13.844677362179175,8.743873404840924,3.9869243426256413,0.8984800055182498,50.5278255224738,0.22572354546776963,0.47400018961971274,0.6928678378644636,1.3925915729519458,495.6394956083762
102,102,195,22.453703703703702,776.5719015720096,19.101114383979112,3.072394644974953,0.44305305537037,454.3754189842497,22.128464010066175,1.5987142508325998,0.0009515291325531492,0.1567262101566225,12.930860912134396,8.854620979722274,3.7802945077079917,0.8810489271840842,52.44177419778589,0.22159162655162953,0.45436505563861346,0.6354900634792611,1.311446745669504,515.7042482290459
103,103,191,21.99074074074074,780.9271788880866,20.62431391202245,3.2680087070223744,0.4813076456029547,443.95202006772456,23.955733013621945,1.5897952753458324,0.0009261181478245863,0.15273029114494582,14.024629602902255,9.956170263272197,4.185299379918447,0.8383107834216429,51.96512861239618,0.24704686478637375,0.4701322996350015,0.7491391721888775,1.4663183366102528,510.4709337938555
104,104,196,22.569444444444443,782.1150763923745,14.23998820245726,2.193397610447864,0.3738601345509209,400.83439033915437,16.57385448252413,1.139371890247835,0.0008714934634223461,0.11820577461931714,9.69463767499192,6.204385754998191,2.8759572052727753,0.6116701325825209,45.32568225370005,0.1544586955920753,0.3384373652040182,0.508973823093565,1.0018698838896585,446.1678229042083
105,105,205,23.61111111111111,782.1959298224771,16.06510665396981,2.7319043083740877,0.4060222116742748,436.8140072029712,18.79138859783007,1.404403330324516,0.0009677066179336329,0.1511694263614989,11.096996645342907,7.418543174131405,3.2339266729756617,0.7347767945115294,49.62907151170472,0.1854598575966206,0.3743446272526523,0.5688520561308075,1.1286565409800804,488.880872620722
106,106,196,22.569444444444443,779.2874836575589,10.77289235961045,1.633670768091413,0.26518059164632757,466.08801400083433,12.48768751103417,0.8581946220508982,0.0010093474409595877,0.0855545513781914,7.433508606677942,5.03208091490051,2.1059563618630732,0.5121520798025654,50.55538264787879,0.13292649170607604,0.24190460204903716,0.3863312400893431,0.7611623338444563,500.6035554424974
107,107,202,23.26388888888889,779.8480406993007,22.625836778648566,3.4897017462184885,0.521686532225724,427.42152051620394,26.093763010369656,1.9038343760160827,0.0009537660760692897,0.18137316001172823,15.38534616974158,9.4165737798859,4.453348847079956,1.0333838158765083,51.02736996195696,0.2682023109139909,0.5437824371175849,0.811959402014606,1.623944150046182,498.7659204786588
108,108,192,22.10648148148148,781.7790289327852,22.233468871297685,3.4962474276034894,0.4870888211843058,425.9429006792195,25.845601991132806,1.6571209202327881,0.0009386260592886707,0.16080150008030006,14.54504894641415,11.350671100872844,4.416716445740809,0.9842262286488674,50.745260247668966,0.26129572437183224,0.5353946581490266,0.799311490896002,1.5960018734168608,498.1717844854896
109,109,190,21.875,780.8251216585081,19.90013937265545,3.000469237565778,0.42298890229116526,393.23677489985045,22.69090123811839,1.6043403086711365,0.0008070286501772742,0.16572691514461604,12.519910985729913,9.853227066024177,3.9165597325650907,0.8565428919772794,46.559794562519045,0.2332047652884931,0.4655950768535137,0.734535038846126,1.4333348809881328,457.08181247450176
110,110,200,23.032407407407405,776.8546352028096,17.464008348312426,2.7182805587020136,0.4117698938529848,421.93381818685674,20.21332764768118,1.4314577460111777,0.0009066556734621163,0.1322721354211993,11.706384242859109,8.059158617827805,3.5084226085898034,0.7434080974619128,48.577037217066255,0.18870440516563539,0.39804572126137333,0.5812009568991072,1.167951083326116,477.7847815797168
111,111,195,22.453703703703702,782.2833140010558,17.489476556408,2.6361130959158867,0.39988016965653067,454.472314657968,20.17471137433866,1.4419343329114178,0.0010525463119420814,0.1340202383198989,11.565192844794595,8.261982505861878,3.5133914722196953,0.738250517462291,51.85970776394757,0.20677880320274816,0.40500357851568386,0.6363589904875563,1.2481413722059882,510.5112688395802
112,112,193,22.22222222222222,776.3146182007855,16.504737709475425,2.3909390360004483,0.36163861851793866,420.4916336979125,18.814763481603308,1.333474808140577,0.0008381305766114084,0.12343333052381349,10.724651422045739,8.1802699909894,3.1910071292055933,0.7631487249724378,48.03066294283565,0.19333293064256482,0.3643186549740548,0.58437855959194,1.1420301452085595,473.2979148031266
113,113,196,22.569444444444443,778.0305549851234,17.461309618085764,2.8347858879037604,0.3924979548672185,387.9006789617943,20.325454784244418,1.3871744150549565,0.0008555221589973333,0.136553612668842,11.597044925020917,8.174751596045413,3.4659454752718397,0.8001535753836365,45.211535661386954,0.20176294352883062,0.40937365284007415,0.6289778058840314,1.2401144022529362,444.1202758057321
114,114,201,23.148148148148145,782.5125491323039,22.775006167717617,3.910218351239959,0.598973878388778,416.60134546878896,26.777061149839543,2.0531775134551222,0.0009288709873416873,0.19581222474248763,15.544366239342027,10.352750684457481,4.576377692664416,1.0897533771442751,50.137184246163585,0.28013382191623787,0.5337049809143151,0.8025794174853079,1.616418220315861,490.54782359974195
115,115,188,21.64351851851852,775.896802364086,12.076259106923349,1.7882921120005157,0.27021382138921035,458.09733666814986,13.851802055763137,0.9200423490891722,0.0009654197111393503,0.08393135713501582,7.897100947706997,5.841393886067017,2.423239881479432,0.4883264310509637,50.21863827937738,0.14688989418144507,0.2954758447500594,0.4355505924008086,0.8779163313323131,496.71971942009117
116,116,196,22.569444444444443,777.483320812529,20.793991246505918,3.2150398362977293,0.504777534179523,435.6549271543254,24.213291516378142,1.5860134890872701,0.000938441815107077,0.16641207385814163,13.429978845724781,10.3062305462473,4.2184755229654165,0.8632832377115747,51.21505607452016,0.2430502347795046,0.49996718835342513,0.7369991640186833,1.480016587151613,503.0033971865232
117,117,198,22.800925925925924,780.8851750345129,16.386531341463368,2.4080893734429427,0.3898468060250736,423.8893914037269,18.836558347245187,1.2721863177662565,0.0009058543642444161,0.12786532635339956,10.948324030160999,7.638440007110833,3.180231035797078,0.7597419490489994,48.33292556364482,0.18892726561845424,0.3718652119859978,0.5463599596067998,1.1071524372112518,475.9969401995556
118,118,192,22.10648148148148,783.049968203595,17.042767253016,2.6348926160275625,0.3466003644685143,426.55993405848244,19.558630080148323,1.3649388200744519,0.0009714138673710982,0.1234621740201028,11.094940852636395,8.04396592419116,3.355071965925053,0.7603640091953139,48.87027478868551,0.19951769861155702,0.3903469816240106,0.6057979937501481,1.1956626739857157,480.987261353402
119,119,196,22.569444444444443,779.8056293411069,17.944926060666628,2.9300687546938327,0.46805242416961595,394.9749613559776,21.127278609916473,1.4007379640985729,0.0008428262263074982,0.13741496633556116,12.007854296586316,9.076891019624167,3.647797405610164,0.7790778254042142,46.141713716125444,0.20557357669662654,0.4293251642624701,0.6464641179701006,1.2813628589291972,453.76941207165225
120,120,201,23.148148148148145,779.5379141273156,20.36519739617171,3.446678361134718,0.5245247094486596,385.66991875623734,24.038158084837765,1.708580538616227,0.000861161756887959,0.17561052211676406,14.261122131203981,9.219652899573399,4.11182377247085,0.9396954491010796,46.14128340871584,0.23902248229425638,0.4753085540415758,0.7591616057944888,1.473492642130321,451.6741942935958
121,121,196,22.569444444444443,780.3464343624138,13.439037901405722,2.2671212494847723,0.3072023845538294,455.73691411421606,15.77913417158506,1.0667220763583651,0.001056846552797811,0.10294321893169492,9.198105166747313,6.412523489199868,2.7059760457969335,0.6031965772557893,50.537688076049214,0.15158439161316964,0.32028113797845426,0.4703170505123675,0.9421825801039914,499.3640106554449
122,122,190,21.875,781.7271059061529,20.0418040188937,3.2281029720889034,0.4354754508297024,429.7221384330259,23.142263790133157,1.6252851823707233,0.0009456975861016069,0.14937988914982864,13.487245386377623,9.448536699430987,3.9526178747947824,0.9210159925414353,50.31834997071532,0.23693117415016904,0.4831727564326893,0.6990532154387551,1.4191571460216135,494.0867231468668
123,123,192,22.10648148148148,778.283957805051,25.105832018851558,4.078845437351987,0.5554137625077881,438.3391731504255,29.27735735284192,1.8913043168955412,0.0009471357536046082,0.17318374875346162,17.09637280876182,12.025458423330255,5.042683339021624,1.0805740462887474,53.077134354764894,0.3045846727482918,0.6177425346503929,0.924268103288627,1.8465953106873116,519.4173680427093
124,124,195,22.453703703703702,780.6470060504058,13.331361376810074,2.120868679170508,0.30387337309428775,439.43650942906834,15.450482680919631,1.0472342695702879,0.0009980118059730299,0.1020566329847418,9.308362965244985,5.997545580825293,2.663909249594349,0.5755568798057126,48.820354518194655,0.1565346550015501,0.293490533940865,0.47149392683563596,0.921519115778051,481.9519152794273
125,125,192,22.10648148148148,777.5290474773062,18.184729846524988,2.939037261830575,0.44275119669063645,463.13028706964036,21.280021050520542,1.3808458916444208,0.0009905162515838099,0.13639461044175216,12.743901307047157,8.25654388580977,3.611755598348036,0.8334680081192287,53.00983985376671,0.21416066015637936,0.44962240683332516,0.6486852835645571,1.3124683505542616,521.5092932863761
126,126,190,21.875,777.5622775470564,21.79205840686098,3.4633941418784135,0.48369596611572285,407.20895683480154,25.41221652447953,1.59168012616784,0.0008393143614838278,0.1521237847964771,13.880922419734551,11.179805982263687,4.3413335286529,0.961741254572291,48.71883700004968,0.2660172678678001,0.5130531449635661,0.7835377467390442,1.5626081595704104,478.1504540245213
127,127,200,23.032407407407405,777.9985991648896,25.77463712062754,4.114784866124213,0.6869253812078303,440.7319708781718,30.183803162445585,2.1358098177275178,0.0009845928974147066,0.21401058832425815,17.874690697411246,12.173335408989953,5.132471839061031,1.2204821831020636,53.60412181452183,0.30257484377198496,0.6240933619420597,0.8930499533126128,1.8197181590266576,524.1889339977058
128,128,196,22.569444444444443,777.0252994874974,15.4679915839693,2.4953495915371318,0.37755237599851815,412.8236951683689,18.14246489287076,1.2367345063069866,0.0008885399402682307,0.12750323692892798,10.872694764606479,7.375681520568985,3.1083744123154413,0.6981826815776835,46.9937039056778,0.1942276473849408,0.36072290645412564,0.529831678133195,1.0847822319722615,462.93920074235507
129,129,195,22.453703703703702,783.3254910750109,15.63275839468358,2.4662563034877834,0.3908348722270222,442.42247877064835,18.17471750238513,1.2917898800395438,0.0009768943834255626,0.12464465860370169,11.030866375467212,7.0023513120999965,3.0850784386975527,0.7412913781959806,49.99944071069062,0.17859858595920525,0.3687773033801102,0.5664034357027627,1.1137793250420782,492.44695773049415
130,130,198,22.800925925925924,779.6512724069167,19.61145775250649,3.0017436726036846,0.4515242954062879,449.23366719491753,22.6230970079735,1.597450255611324,0.0009749203239989304,0.15793436723436685,13.51718790625689,8.68992179455467,3.9444987184867313,0.8208321305758846,52.10299701951225,0.22100257636344772,0.44767772915139614,0.7045126511737222,1.3731929566885661,511.50629506688296
131,131,204,23.49537037037037,777.3245514288701,17.894882304398834,2.9678274525671346,0.4247813514658984,408.77897931549364,20.982394714531342,1.4376701798476854,0.0008882802764319637,0.1379641500641302,12.063719189297187,8.384475656263326,3.599933902351136,0.8028049594870161,47.475783182347804,0.1958339581729114,0.39621019006176583,0.6372229987968069,1.229267147031484,466.641869413778
132,132,197,22.685185185185183,782.2331564901623,15.82689069731679,2.412296837544177,0.36821507601204456,430.93522144165075,18.165797280919907,1.3277721702153347,0.0009399593820928572,0.14073701786560772,10.712472836999353,7.272448736280392,3.1392858321635626,0.6922183820222846,48.87099420469778,0.1838027333421879,0.3776135642716867,0.5394284800078579,1.1008447776217325,481.38266820899474
133,133,192,22.10648148148148,782.9559437029352,22.99581825545294,3.443831188109186,0.4899896255819152,424.32526421682167,26.47995216344771,1.6776893644236976,0.0008633098577341525,0.15072383920224522,15.112747256820198,10.666942390739019,4.530959532653486,1.001397553991763,50.78391969578482,0.2634360657081675,0.5310927268201047,0.7795753344781242,1.5741041270063965,497.3375355672877
134,134,189,21.75925925925926,776.8877726739556,16.921335364998317,2.5981229950094433,0.3780506848158364,432.3799757911189,19.55682028966757,1.2803517924592454,0.000929679378946619,0.11860679846189996,11.403878184246965,8.15857811066276,3.3777865198647836,0.7135165986101233,49.419584371414274,0.2151355431734862,0.3992333044179765,0.5921467200680633,1.206515567659526,486.6905901927073
135,135,194,22.337962962962962,777.0460545068752,16.005763033197695,2.7408963816241485,0.38890831240231655,443.36011904521547,18.836066795932904,1.3009971564606466,0.0009265359152818669,0.12669111395640617,10.974866837616828,7.377607649580741,3.213562991408714,0.7387085097497487,50.27513423024502,0.18281730005256225,0.3979974615884695,0.5897140906172652,1.1705288522582968,495.2607763777023
136,136,190,21.875,778.1404965226513,20.363606277932917,3.173153187572738,0.46069807364251775,441.1604092457064,23.457324493668377,1.668858088139533,0.000920960668467795,0.1502550213494007,13.736083384574965,9.673324357151753,4.059869340245341,0.8867196102234521,51.57798548617171,0.2508151769416839,0.4871520583433714,0.7135327142270226,1.451499949512078,506.50663860581284
137,137,200,23.032407407407405,777.9033785061507,21.132629390190978,3.695417727382814,0.5803797002811454,432.41275106827703,25.125764002509314,1.743586785975198,0.0009540102834590765,0.17446248904353506,14.986951057824362,9.467733932838645,4.29053282100304,0.9929567604152388,51.14503691606872,0.25921944308291633,0.5106783130846193,0.7664940280858736,1.5363917842534094,501.1535604724538
138,138,188,21.64351851851852,780.81627096308,12.905910873637332,2.06342896662052,0.3048557066468019,429.65829205952616,14.927923705335239,1.087499114184762,0.0008766019394423496,0.09564341182287153,8.715218064223444,6.298868153304086,2.62113789344291,0.5356412551024989,47.721756176860175,0.15677470503313923,0.29737700092876745,0.4808687031242041,0.9350204090861107,471.43509815064874
139,139,195,22.453703703703702,783.488215518899,17.194054353625454,2.685493019394617,0.4011582992321442,432.7996098046933,19.87312444656583,1.4053577876799936,0.0009675053590629993,0.13995717288088177,11.274975077079729,8.244277484515054,3.4374031426609477,0.7471359503790849,49.58413401371786,0.202376400624396,0.39620476899107654,0.6142324814328658,1.2128136510483385,488.1413526180348
140,140,193,22.22222222222222,782.3891691990825,29.514006736023692,4.36944747596059,0.615772327930292,391.4188860596803,33.72552602574028,2.2763798945568605,0.0008405694453487414,0.23497634124825886,19.585960803665095,13.91555463720366,5.769300992680154,1.3007562550430891,49.845141700032634,0.33244218535113684,0.6953328426968894,1.0382709499489025,2.0660459779969287,485.20749329350946
141,141,195,22.453703703703702,782.5559183426127,21.65968602583781,3.556630941635793,0.5555904235661661,417.13703092257873,25.398159835418628,1.787740500774975,0.0009340647530555533,0.1864277467390351,14.793543468532484,10.54237758730638,4.384711278356016,0.9713572316579318,49.75183414155063,0.258897378526014,0.5110238364726972,0.7939998052892446,1.5639210202879559,487.7445675789124
142,142,192,22.10648148148148,779.7932508438126,17.398116767240978,2.6089481861486927,0.3957974222213223,451.3523757731746,20.03712762316469,1.373075976022287,0.0009486845603099722,0.13428874821213208,11.5502739184676,8.342728935771689,3.4322556116958878,0.7725463678023106,51.4904814549301,0.19988408720987216,0.4137764062464925,0.630673510756802,1.2443340042131665,507.092544100228
143,143,193,22.22222222222222,776.6072254563511,13.576573933160773,1.9768504208614448,0.2940960605994632,407.4067302118997,15.56422945754628,1.0244345992358541,0.0008595871308200042,0.10413217529458062,8.610267945379348,6.705503846649209,2.710982017451572,0.5602930005293056,45.681392821697145,0.15573171918934398,0.31291948850334583,0.47615906264132696,0.9448102703340168,450.869495580693
144,144,194,22.337962962962962,780.6611854319768,16.658220193636005,2.4304628869440936,0.3677206507049266,425.0556041100031,19.147451121209684,1.2575914104931694,0.0008762781834609228,0.11914674614255102,10.937740854240452,7.770554480148855,3.297258507516289,0.7103446970304184,48.55869804781999,0.19441522671809908,0.36480356878680775,0.5914248799779958,1.1506436754829026,477.96587475749544
145,145,196,22.569444444444443,783.3771578806466,23.188534768829808,3.8445089210907413,0.5536241980602015,402.92242637097456,27.131370706124986,1.85053605475227,0.0008305503023908625,0.19028616612138347,16.289473906245956,10.867147673593776,4.562998611133638,1.1271688454009365,48.84783846079194,0.2622876943657081,0.5621889366758225,0.8318109152521949,1.6562875462937254,477.89572041267843
146,146,192,22.10648148148148,776.5518239388576,18.24537463530708,2.974477562351229,0.4293550269551853,441.26597294203555,21.22053190336838,1.5112869140952565,0.0008807929003020127,0.15687292365374,12.457917129006404,8.603123665081785,3.6436566258719574,0.8268598708943884,50.84730029907795,0.21859297266149383,0.4424313518405692,0.6288212651262399,1.289845589628303,500.16823845214327
147,147,195,22.453703703703702,782.457585298133,16.122631703722245,2.406668358991816,0.3506993541017584,437.37378314263844,18.39794415088978,1.3573561020111298,0.0008913869855972646,0.1301656849907302,10.5309634205745,7.7844795026121805,3.168834688829114,0.7122757821064538,49.61474242227998,0.196642297631806,0.3833907583382772,0.5835744189036879,1.163607474873771,488.96933733275307
148,148,199,22.916666666666664,778.8454174801013,22.20762673829083,3.7476322589254494,0.5438256867017467,414.81089369240374,26.17843112425981,1.7369497291818463,0.0009077772826253346,0.17360772494548352,15.546907074749054,9.852675593884037,4.479222213263049,1.0056490232205682,49.71288102057761,0.2677230368610314,0.5558614958989214,0.7708328642840798,1.5944173970440327,486.33183895940317
149,149,200,23.032407407407405,782.5929024171913,16.756140454105942,2.715910191208337,0.4168403113323291,438.4495836410615,19.498355259947378,1.4092914693269807,0.0009271494878982018,0.14334456811826804,11.290151721203197,7.497107316269914,3.3427585098353734,0.7652094693911543,50.016113210349424,0.1942301426520237,0.3845024337057429,0.5957305194184371,1.1744630957762037,492.1699314358614
150,150,202,23.26388888888889,781.0312810802155,21.356446500504095,3.1704759315476894,0.47447630937509605,419.76961863496365,24.419340835025118,1.7926551528755044,0.0009249958840823848,0.18266024372927148,14.519465474795242,9.812223744724939,4.1345100928411584,1.0037589638255748,49.72182238649304,0.24098974858110658,0.4881801044890168,0.6979417114132588,1.4271115644833823,487.5442029697796
151,151,198,22.800925925925924,778.1654462523211,17.398348198513972,2.7571280350442606,0.41490638349021053,407.9949578662385,20.080141721526754,1.4786085703778955,0.0008827520928290233,0.15035183401980642,11.66736063525146,8.339644055004973,3.487516462311557,0.7586411723896426,47.18173425628291,0.208974848508219,0.38887943822863114,0.6028912135857752,1.2007455003226255,464.06187255133295
152,152,199,22.916666666666664,781.4423641914993,23.787878871980574,3.7795776091200133,0.5395684675015429,392.6992109617129,27.417224045473116,2.03959384792026,0.000831879193211337,0.19776381100955445,15.9597632289285,11.24047947135554,4.730395840536435,1.0522549830642407,47.980100870896656,0.27698353533506215,0.5509333423802025,0.8349348311533348,1.6628517088685995,469.147631497736
153,153,202,23.26388888888889,781.3505850914315,22.19438644484009,3.6598892815994084,0.5115406413427788,457.3169568521398,25.967812191271268,1.796879262028131,0.0010508105690190087,0.1819200380855733,15.38437307212933,10.16978895015817,4.464401074582559,0.9914779604649722,53.91980333401892,0.2521668516075606,0.5362201482506643,0.7655219979399454,1.5539089977981702,528.81001250488
154,154,195,22.453703703703702,782.8270784552816,21.35830835762719,3.399752437975562,0.5148799903109942,413.4203450223832,24.76051747213748,1.8051576103006557,0.0009464204077931441,0.182721963200713,14.38459891712977,10.758736401862567,4.244509518543172,0.9780874508230145,49.193428599847934,0.2563815259040307,0.5046157532805093,0.7328399707570342,1.4938372499415742,482.9177998955139
155,155,193,22.22222222222222,777.7324057668302,20.910563985151228,3.3967439935488106,0.5406398271339831,417.32470305656847,24.529833465038546,1.644888127184489,0.0008581685649249961,0.16242329050415222,14.544026991938251,10.137487854510564,4.1610341691053865,0.9849331379841209,49.43798040962569,0.23601691519365955,0.48114735300285766,0.7024914844223167,1.419655752618834,485.2137648279135
156,156,194,22.337962962962962,778.3410062736887,13.666260273178075,2.1919771636405487,0.3382723923976065,472.47300418767077,15.913068637069305,1.112621068683059,0.0010661990836681376,0.11422983924665427,9.872460311797681,6.013414855003136,2.7506886682238973,0.599429825400115,52.29765019517201,0.1603417821750825,0.3434186878399544,0.5071645465398291,1.010925016554866,516.1849581261516
157,157,199,22.916666666666664,777.8853500650928,11.698525290437539,1.7172821313465596,0.2807612009494675,451.433270089332,13.528528611198135,0.8922148541249247,0.0010719450733338589,0.09506871164463435,8.005068646314115,5.257482437092175,2.3194321303134258,0.5159886293966327,49.41312748439749,0.1431529988347779,0.255699835784347,0.40274470086722386,0.8015975354863487,488.54122356639505
158,158,194,22.337962962962962,781.2168617360854,27.099286936718798,4.462823986768374,0.6606661715685714,414.29785673233044,31.8040389137886,2.1261552543737112,0.0008842607163336371,0.19411504468958232,17.939892727659966,12.964448654382323,5.435451319205885,1.2317381463588608,51.45419531536098,0.3192168242862115,0.6609240176579012,0.981348500150779,1.9614893420948918,502.2389547629964
159,159,194,22.337962962962962,779.8870374666319,22.304544349566278,3.7566281142465257,0.5798037974861278,382.19978515808896,26.382648496172006,1.784884509957351,0.0008712591747167605,0.17137057401746097,14.92612383043163,11.460753988802932,4.518739739994685,1.00763781082963,46.500881543204194,0.2688548195186991,0.5660161995289092,0.753223046450421,1.5880940654980293,455.7557618638348
160,160,192,22.10648148148148,782.9021948880918,19.913602728346408,2.883627284275521,0.4620869084167485,406.69225148168977,22.824920111450744,1.5681727362309692,0.0008406138996066019,0.14456566877005572,12.96408648254382,9.845212890367526,3.9109237915970603,0.8828992452162577,47.9130443392782,0.23809034123896283,0.45682638421399785,0.6948889759448299,1.3898057013977905,470.5189091616584
161,161,189,21.75925925925926,776.5676836250636,20.289738790703286,2.9247248056360378,0.4584926070254263,437.15115316253457,23.152557788852235,1.6694550756176951,0.0009573225656907227,0.155952497642609,13.505583698721644,9.234139873684494,4.014083877227091,0.870273804366344,51.09891040524921,0.2406856855524352,0.45234202575578686,0.7326193442432338,1.425647055551456,501.34717666140693
162,162,194,22.337962962962962,779.3705836204209,23.205476430827524,3.681393323002558,0.5582175000118544,379.7591436215395,26.954723413132356,1.851006841115808,0.000834080012499655,0.17679573156909087,16.284675283909746,10.705890491619874,4.586209107310161,1.0664753838287848,46.48215189416175,0.28273042056991976,0.5575606683205984,0.7748767831885519,1.61516787207907,454.1613337960491
163,163,204,23.49537037037037,780.8882174118623,21.971642396825757,3.545235733453082,0.529738015010889,425.86393352821534,25.644778429077117,1.8541182226642248,0.0009540491939781604,0.19499259548322767,14.795975566453606,10.48807809846261,4.323267563214919,1.067702176870523,50.68367329007723,0.24125755259039378,0.5205631352126868,0.7810458500383388,1.5428665378414195,497.027307346313
164,164,193,22.22222222222222,778.8879674233269,18.372620150934914,3.2089091724195344,0.4653845397467896,411.8068827845787,21.84796364918835,1.3815072528343475,0.000950685187326163,0.13701898421638897,13.1095217743628,8.597577177691113,3.7262460785816325,0.8371940490855082,48.02975210259029,0.21735716153201412,0.44199374273878866,0.6993208574618693,1.3586717617326722,471.7409262861973
165,165,202,23.26388888888889,777.9826145846174,15.614365488024061,2.3191917000129054,0.393262422515722,455.11823124086544,17.945677541228935,1.3676349542557726,0.0009691031166984672,0.13976081548528163,10.837801269629976,6.7645150228121596,3.113971371920807,0.6896053584780351,51.218644976462706,0.18240451387649276,0.3368066029044242,0.5165724382946002,1.0357835550755172,504.5029685737913
166,166,194,22.337962962962962,782.768539956706,14.14405121431776,2.101416142321457,0.33379065676425373,452.9524037699054,16.26729919523203,1.1390341003029127,0.0008931840355256439,0.1133121175727566,9.159562514539827,6.793060471600084,2.788577122583423,0.632863716099835,50.45294640973345,0.16274663843552975,0.33225569792212395,0.48033121706015414,0.9753335534178078,498.2420352441533
167,167,197,22.685185185185183,777.1375247176932,28.257673611960865,4.539855657089562,0.6880262526717884,403.64684034551397,32.70367260577646,2.5017588089857816,0.0008978259578339402,0.24193699549088288,18.0172886002782,14.170238808837054,5.641532723304393,1.2801685827032685,50.781367847863216,0.3398221397972824,0.6638300183812602,1.024272526997429,2.0279246851759716,495.70052690346785
168,168,197,22.685185185185183,778.0171606534232,14.529848657594984,2.4201922508399423,0.35421372101899157,469.68272624553265,17.13885951876208,1.1039482039142026,0.0011067034847975622,0.09945378514325716,10.565400567615466,6.345983777582355,2.931668548792646,0.6525474286210995,52.34918118560393,0.17804513467115726,0.3457352518810423,0.5177581524703154,1.0415385390225151,516.3020873803096
169,169,194,22.337962962962962,782.377481128727,26.86423113338921,4.018005269198891,0.5884810014691908,425.45381052968213,30.80752307954393,2.1539900475668388,0.000915758734591666,0.2224786056024189,18.02216748178537,12.847294846979855,5.259896148285675,1.2210901829135985,52.34174952617022,0.3344629270856561,0.6139048607513128,0.95756866265942,1.905936450496389,511.34365305386274
170,170,192,22.10648148148148,780.495305925465,18.602762182348474,2.8409457175177,0.45588187398444713,449.0220650777202,21.59903765714756,1.4159430958970856,0.0009273645766357182,0.14331114612403364,12.213722286964119,9.307187370046655,3.708591458788265,0.8176804619653272,51.73183695413169,0.22435395541107636,0.4539198772994524,0.6643998259901731,1.342673658700702,509.257007064817
171,171,195,22.453703703703702,782.6569370740435,23.683595175469236,3.691314139562334,0.5818714838936996,387.6326481601374,27.61361191912091,1.8564781410100668,0.0008556700344139387,0.1769593380789713,16.10315287793385,11.174385210043804,4.693994102115286,1.0949257986575631,47.4809084356924,0.27331084771556646,0.5567700199624503,0.867992469773158,1.698073337451175,463.89871247557494
172,172,195,22.453703703703702,781.2155909100431,21.82972852683777,3.507718427521417,0.47777071604171156,416.8943771780269,25.230403886310867,1.7667688833666682,0.0009094362255471677,0.17258268837906413,15.078986636161282,9.789429284904356,4.38982418095003,0.9253803743737409,49.668352984954815,0.252763235616326,0.48988919339078196,0.714128962340097,1.456781391347205,486.4416749742853
173,173,195,22.453703703703702,781.140766412526,15.6962225891662,2.534859094850859,0.3593841344642446,424.44357158630805,18.333594062809425,1.2345460872815908,0.0009129588936069553,0.12042094979175157,10.31463602726779,7.796133642427381,3.1480503645644276,0.692271177645111,48.23179348180649,0.18457450661068486,0.3823266614652319,0.5770155654075042,1.143916733483421,475.50388338168614
174,174,196,22.569444444444443,783.2948399402252,12.974924602495513,1.988443444716574,0.321164479581416,490.85404886224336,15.127807705205205,0.9891727890796422,0.001019791813063906,0.10067031207292669,8.826902562092958,6.048912677456384,2.6223391738370414,0.5485301503063509,53.85697795626556,0.15201570656537294,0.3119658204758936,0.4548405506807972,0.9188220777220637,532.4958560665295
175,175,197,22.685185185185183,780.0800536062791,21.685812651461774,3.51406882052503,0.5089339561493187,400.0333266490771,25.227327921851135,1.796954323566866,0.0008588949125273976,0.16877277637497673,14.853066021644416,10.08170621530234,4.385168582229988,0.9334594897126844,47.99295728374234,0.24280955513094749,0.4835428809448548,0.7961181146689958,1.522470550744798,469.8588608319086
176,176,192,22.10648148148148,777.7656363655746,26.899494202478756,4.058929967610082,0.5671381699040486,381.19289864751045,30.94322909939644,2.0631267163538634,0.0008432053441300352,0.20311573377254571,17.8625816037755,12.875428711956,5.220946779605695,1.2532335833020989,47.88904731220528,0.3065769796543023,0.6329929531467404,0.8956654135582259,1.8352353463592688,467.11362016359345
177,177,196,22.569444444444443,780.2473059203437,29.493391839363262,4.961146849393694,0.6862056833538275,393.353387279239,34.40647470270356,2.464516835475485,0.0007803273998434141,0.22374939847753023,20.29457156490108,13.428156108191065,5.970379403956245,1.2833228427437136,50.23711597722851,0.36720853970056977,0.703135799259286,1.047036929732077,2.1173812686919327,488.3888925389892
178,178,198,22.800925925925924,780.5956498996314,19.521836131196842,3.3469472081629847,0.5441206130103042,445.73058633662663,23.13936238267188,1.631088214384647,0.001001098652797854,0.1698203268820053,13.820178855828301,9.209701822186334,3.985418886578516,0.8861148740236474,51.84764891093063,0.23303856157197866,0.47908409007812075,0.6541588742472074,1.366281525897307,509.53227942027394
179,179,201,23.148148148148145,778.3000054164816,16.898535076148345,2.687112727028503,0.38602953301256254,424.12234034974796,19.538852060182673,1.4484862160005036,0.0008840108643251019,0.14749582687940307,11.72570364047363,7.541518466551154,3.3464571484348604,0.7826265874759134,48.611570845311896,0.18135589385100118,0.39434020201447073,0.5770298641693569,1.1527259600348287,478.05306396236097
180,180,191,21.99074074074074,778.2804164251773,23.993918153282422,3.7909691571570043,0.548139078175532,370.8379223525746,27.77735423412406,1.9525390768560689,0.0007935491081696457,0.19057815363074374,15.879054248448933,11.529322226226641,4.780115128505509,1.0653560540174316,45.89068630204437,0.29404761081289293,0.5842390024048528,0.824837838102656,1.7031244513204018,448.1701316149785
181,181,193,22.22222222222222,781.8953337020123,23.375543701338874,3.4469900607422184,0.543399473742167,452.7737162358013,26.831009282356533,1.8722064580126514,0.0009824526404790992,0.17261519974156517,15.77766323411053,10.560620749624224,4.602756602439618,1.0424655756781365,53.81975671824699,0.278637710843389,0.5462166494325933,0.8709291137095221,1.6957834739855044,526.9180892661035
182,182,190,21.875,776.706039733862,22.011477536000708,3.3100852043690856,0.4564058829604416,412.8740698298381,25.229384169566238,1.716695204687734,0.0008595376643862529,0.16214482748251846,14.530029684802004,10.684585622453831,4.3612999946652975,0.9343986760952538,49.28523538352221,0.2559203009060624,0.5024019546687636,0.7598049449639288,1.5181272005387547,483.2595336863223
183,183,194,22.337962962962962,781.0951939289425,18.178933557603674,2.8818065351484883,0.4081688556907165,419.40146819049477,21.02100375939986,1.5009062780482327,0.0008797814740704388,0.14482769681399077,11.886851847396239,8.628889881063351,3.623174393322658,0.8120998403962185,48.62893650248666,0.21500624386446637,0.43592656930997936,0.6691341382132193,1.320066951387665,477.92222572084364
184,184,195,22.453703703703702,777.2079243935697,17.397794946739253,2.722630177581552,0.41039071956456286,425.13284333978584,20.134353773799038,1.4514561651360038,0.0009234994760509554,0.140606474993417,12.373201733027555,7.8949328938850645,3.4217934395483574,0.8172519962359505,48.90663389593354,0.19091155817064884,0.41188267376609156,0.6533410150229821,1.2561352469597225,480.78111267370485
185,185,195,22.453703703703702,776.9650049573071,26.567538665777242,4.2638437908785205,0.6335874802605077,414.355590029219,30.93190167072982,2.117954042727189,0.0008856819789378193,0.22084062413599037,17.253493692502296,13.213552493278652,5.26334844820976,1.2337160306758448,51.210974103628686,0.3057815881827295,0.650306478083317,0.9275384647747251,1.8836265310407716,500.68638548891226
186,186,200,23.032407407407405,779.2268385219165,21.719979533041773,3.2697669234833873,0.45164976190941136,442.6214917345801,24.922779641180743,1.70797098180852,0.0010427085253253922,0.16979050851575983,14.501170781309003,9.903159462814802,4.218898420519376,1.004867625356234,52.15822845084615,0.2574209436336671,0.49687377325149673,0.7618121867765083,1.5161069036616721,511.50750420539714
187,187,190,21.875,778.5616730187222,19.904346469667047,3.2474819575049745,0.4916828675339962,425.91019539277204,23.264063631379265,1.6317278883022357,0.000833679368106463,0.1590899370067536,13.737135294471766,9.75488313829167,3.974323348570838,0.9223648932691865,49.969296031744044,0.2534286754228471,0.48574329244481795,0.7491722856478052,1.4883442535154703,490.7493374571816
188,188,193,22.22222222222222,778.4058442246667,26.039124317340285,4.119895072291677,0.6168262719932452,378.4259519137989,30.162646131014185,2.1406831221432174,0.0008017802288709059,0.19543636554752875,17.471069828852208,12.732083206475295,5.252735243043098,1.107091091453257,47.42114497615546,0.3001546431785616,0.6149919181837914,0.9479171311988177,1.8630636925611708,462.6563382078908
189,189,192,22.10648148148148,780.4570394676857,20.801211730808134,3.3356930576353534,0.46310911481020284,441.3272508070777,24.18222128258214,1.5821592570053031,0.0009304560682347345,0.1578650300450473,13.547878321043054,10.243488094056888,4.1455309482544145,0.9206513839632541,51.76165695239053,0.24662978029700058,0.47854583651707633,0.737334584350386,1.4625102011644628,508.6226213634711
190,190,194,22.337962962962962,776.8203714830651,21.50830469558761,3.281866135608396,0.46474227484495506,388.48628753989084,24.68249741287905,1.73913272267942,0.0008356785227907241,0.16184807036706703,13.862279620827572,10.292048332770277,4.222441207866817,0.9688844170947666,46.68573962653938,0.2497304466168632,0.5045970324534971,0.7455354846567559,1.4998629637271161,457.30875145183916
191,191,189,21.75925925925926,780.8484706052392,15.14237511849294,2.656646085293213,0.37289219208646257,439.86180180271384,17.863184465576783,1.2103932388853331,0.0009863714750136267,0.11528175593070172,10.462923528981504,7.185153205661265,3.0824544004929657,0.6714985739322435,49.61753017315296,0.18608066587050337,0.3727811828551378,0.5416215046291025,1.1004833533547438,489.2631505638955
192,192,200,23.032407407407405,783.2208271978296,12.12702154412199,1.9602634261526617,0.2949985648254031,456.8451968442005,14.09324448951038,0.9983140668182542,0.000959964814112811,0.09610602062678208,8.207740507907472,5.963654954911066,2.41911855981055,0.5400783582900127,50.13812977076476,0.14652073356663298,0.29627907406654996,0.41086993125150734,0.8536697388846903,496.1926265329664
193,193,198,22.800925925925924,780.2460558188817,30.092576854305438,4.956542138636485,0.7131034215914809,398.1351722440808,35.23051625857784,2.4501137147438286,0.0008271474702157481,0.24806335527405604,20.78545101724028,14.381951648809858,6.095289575465336,1.3065261879638208,50.94595995849136,0.3565891385540258,0.7106512793250793,1.1187271131014167,2.1859675309805215,495.7966500778997
194,194,191,21.99074074074074,777.1590801856177,15.77749995807048,2.535768120262124,0.3754233739394876,466.68936125992775,18.334124825074685,1.2722952087262616,0.0009757130900596973,0.13031354545645724,10.437763108187413,7.978453825722877,3.200815605326414,0.6626091896438426,52.48176568880544,0.1869249951686712,0.3890377428059319,0.5502638439507235,1.1262265819253265,518.0838672071657
195,195,198,22.800925925925924,777.4296746872585,17.078246690714455,2.8599698695566724,0.4054676407691463,411.5253307969406,19.997714083790513,1.3848753349095453,0.0009162734010572134,0.13171418942217214,10.830949148091712,8.700960066173241,3.4608366206440495,0.7456737735458924,47.472263999137155,0.20214021293918122,0.4197282247493991,0.6066038537711366,1.2284722914597168,467.5201776313271
196,196,194,22.337962962962962,779.2552275024992,14.675138151760205,2.3410640550725703,0.34213793063421966,411.83584830931665,17.00372060115433,1.1950008789188102,0.00088367331529075,0.11875865084225197,9.742840545137193,7.369188570822659,2.880145868480955,0.6937076916896306,46.573245771741,0.18339488001877197,0.3491224997338251,0.5229176671041514,1.0554350468567484,459.5110294288643
197,197,195,22.453703703703702,777.3765166704915,26.896052500353008,4.137787264430885,0.6734864814171848,430.50273552158757,31.16823154991969,2.1754336862623873,0.0009001902614482257,0.21156758806328607,18.210485498751424,13.058364503564917,5.365942557388762,1.185037100232258,52.91599147343347,0.3252144503645173,0.6672675341681084,0.9018604809776563,1.8943424655102818,517.2698814089919
198,198,199,22.916666666666664,779.9306482938274,28.011395454657457,4.566124327484502,0.71934008523834,394.25473168079225,33.0458897864979,2.1645148176431652,0.0008943974133999379,0.22592732466058107,18.897119369088795,14.01754003417614,5.658759956143788,1.2594445968259846,49.80379397733752,0.3304717765337671,0.6537054731577673,1.0127218740138475,1.996899123705382,485.9214615852389
199,199,196,22.569444444444443,776.8345788984224,21.52654744731692,3.4523974531398682,0.5435099527708568,401.71337091571615,25.06235008770566,1.781931195730347,0.0008824869256216158,0.18467441599092854,14.879816479858427,9.582543355088657,4.2778013781364805,0.9930329629930802,48.102665554115234,0.23858123925930022,0.5363445263611374,0.7639814364473614,1.538907202067799,470.65794885358235
200,200,194,22.337962962962962,779.9563210819425,18.535523560448606,2.645535363503149,0.4108421760885019,463.6171537531357,21.276944490939567,1.3937419812732124,0.0010781367574788949,0.13566128489429652,12.944518948904378,8.185318311460986,3.5900210910182815,0.8581047584157114,53.08735087567664,0.20145686550072395,0.42673545308447236,0.6565267568215123,1.2847190754067086,521.9346439833422
201,201,196,22.569444444444443,778.7474235507846,17.98851756989063,2.732862217085939,0.42578129594730046,438.61493947289136,20.841997554097848,1.4038149619573248,0.0009815428575822565,0.13536316492951114,12.079770971012076,8.47165985938168,3.486345704758281,0.8677752763475457,50.4172985441342,0.20060965949400672,0.39494226903401813,0.6251506737452145,1.2207026022732395,496.1907412224183
202,202,197,22.685185185185183,782.6530438973033,18.41336207110816,2.881249448654444,0.4414770396289762,399.14409140892616,21.38537059685849,1.5252853258324148,0.0009295028846033328,0.1572754378931017,13.154508479046404,8.131063010119473,3.6397143042635256,0.8654918460438988,46.68843114687405,0.20877019927628218,0.4468181226995685,0.6398045524580669,1.2953928744339176,457.8807028666472
203,203,194,22.337962962962962,779.179094793625,19.73082119197707,3.051207616843167,0.42262323899806653,420.89745879034797,22.695376932404333,1.542941512883316,0.0009451720401508344,0.15532890911765734,13.412274037276276,8.923366630964805,3.9162009707996193,0.8520162753815865,49.29287660162049,0.240741221168214,0.44927130232168133,0.7094764377427497,1.3994889612326449,483.58777620299026
204,204,197,22.685185185185183,782.9006737233343,18.49845354386073,2.912002179282162,0.4499507847579651,427.96228506238367,21.60621469599583,1.4020837794335743,0.0009672689528859952,0.14255799566429117,12.208854808150244,8.862380366420819,3.7006271701475004,0.8219975438487889,49.58558308838678,0.22183959843913348,0.4148826236874399,0.6265641832250579,1.2632864053516313,487.6228067960999
205,205,204,23.49537037037037,782.7808206305184,13.338257540307858,2.2730959194684974,0.3943373484047218,446.8487021014632,15.819369525988865,1.1617562813641564,0.0010038178909855503,0.12633589154889155,9.505704120163148,5.82590253552593,2.6644749909901693,0.6633576229741982,49.654236533348396,0.1571407491273714,0.31947010326206243,0.455837496722441,0.9324483491118748,490.0490419250394
206,206,195,22.453703703703702,782.1977268868707,22.839603199756827,3.3512071072406773,0.5602795094580977,394.6456263111833,26.278333907963884,1.8436945643369005,0.0008400193478172726,0.1825885016569112,15.701633564405096,10.025887790247719,4.486370223394641,1.0349714575608238,47.7912071508044,0.2506458731889205,0.540300706127824,0.7888792350920987,1.579825814408843,466.8292284065565
207,207,197,22.685185185185183,783.3988308303393,16.29487288328614,2.6809518486536277,0.3826059311319272,426.3622244564567,18.975522735998684,1.3983254903250881,0.0008748061486636726,0.13086411348189803,10.709554421282059,8.032210307048754,3.2022679353574186,0.7926959843604717,48.642028092872536,0.1983907383154586,0.40572438036992414,0.5515043939823931,1.155619512667776,479.4090360049172
208,208,195,22.453703703703702,781.8531239861205,23.443657131434914,3.3886872100655014,0.5108871495201112,448.1803783145943,26.9048053280349,1.7778958348024758,0.0009393540667267881,0.16817311200856275,16.289863698207473,10.16301045745385,4.523315551997155,1.1049013988782899,53.33956413486421,0.28199429129019365,0.5285377506507165,0.8529335319555683,1.6634655738964783,521.8301164167532
209,209,187,21.527777777777775,775.8682426131301,20.201352896103064,3.1907881649063636,0.4427569712044732,397.84709304765556,23.396981611834164,1.53241530183379,0.0008343645339538122,0.15459811322818742,13.98184671255442,9.471516194015598,4.038728813234095,0.8665936477310356,47.18610257777215,0.23157357661946332,0.4761101885110016,0.7345450907214849,1.4422288558519498,462.58588798213225
210,210,197,22.685185185185183,782.5680978621056,19.584154143694928,3.2583705862728305,0.4883037587726432,417.286918194759,23.05898963754831,1.5210982188371918,0.0009178146472321984,0.15424524622500138,13.156453815202521,9.37773502636604,3.9865135669884197,0.8513131213603784,48.9862290412037,0.23936630302722345,0.4746806169640666,0.6838170770072556,1.3978639969985456,480.9664233124705
211,211,193,22.22222222222222,781.1743235343711,18.685575310395453,2.8858172836925946,0.467375413105686,437.615291562952,21.72665529958802,1.4819635560487074,0.001018276875957365,0.14385984723307918,12.668131963826808,9.252851550850067,3.7462281269520545,0.8145269030436463,50.62958385245916,0.2209193153502569,0.45912574378377213,0.6494765624681349,1.329521621602164,498.15068475233943
212,212,196,22.569444444444443,783.2290853709961,23.21137619521182,3.497011586360263,0.47740438134841073,400.10167537077245,26.54509517520992,1.830096617045396,0.0008748351186135073,0.17195570982292513,16.47538399047179,10.058768840113105,4.5289988351943755,1.0401119935311562,48.44775105411492,0.26999387208520487,0.555138308593185,0.8334589368699661,1.6585911175483559,473.1219606572769
213,213,198,22.800925925925924,779.1148868105203,19.565122549930166,2.952058751472045,0.3997769487458948,395.3090456514552,22.27940045275861,1.6733152593903868,0.0009006094854814767,0.15880345857702421,12.78007868861856,9.341161398760805,3.803482499525471,0.8949906780035126,46.636697277597904,0.21508936576461823,0.4514045666975619,0.6995887339935213,1.3660826664557013,457.7441409245603
214,214,197,22.685185185185183,781.9322230106148,13.060443872058373,2.1243185202218555,0.294561015235987,453.15535121950313,15.15444100515683,1.0848244162394953,0.0009940910797695405,0.10471627996469551,8.749307485590856,6.269584741851384,2.599886024937822,0.5916170867408134,50.113900569550644,0.15905205905844294,0.3130250429876619,0.4394924395170914,0.9115695415631961,495.35230781455334
215,215,191,21.99074074074074,777.5691463271944,24.11263879837297,4.150774168718459,0.6075928156701443,369.34253500794546,28.551852894286636,1.8686009186975643,0.0007873739639497582,0.1686486153479889,16.896194473146114,11.695718012321013,4.868458113859362,1.1051290677278132,45.90279516145063,0.3049020520193753,0.5857429906115651,0.8781143489799904,1.768759391610931,448.2414951785223
216,216,201,23.148148148148145,779.3878237040385,20.631329109928625,3.129473082765283,0.5024892796227667,416.16525522860536,23.840717609478745,1.6794575003671004,0.0008616447254131205,0.17243212314415865,14.37662622916788,8.952413788338243,4.08731516740302,0.9285939745112173,49.17671655318651,0.24441814651076182,0.47112006047960786,0.7424889973092563,1.458027204299626,481.5483657131896
217,217,194,22.337962962962962,777.225653168699,22.161056872393935,3.180582877055068,0.4757922937808486,434.3161742469154,25.269327978636593,1.7468810040883251,0.0009230013033812864,0.16978940019788874,14.003514099587955,11.17391970471984,4.405547049551632,0.9135002238917328,51.46969691522005,0.25258498648211924,0.5309919908230901,0.7404428101061673,1.5240197874113766,505.337514439946
218,218,193,22.22222222222222,780.0226988357499,18.34342449940666,2.946962347503353,0.41831744851110914,442.58478177416225,21.42687388033211,1.3955809033574724,0.0010055646188244626,0.13765638013659637,12.65282175397168,8.9643460358721,3.6303785650383635,0.8502050610670099,51.01456572228217,0.21594047369622404,0.43546417236309065,0.6854482897585832,1.3368529358178978,502.03638539582374
219,219,195,22.453703703703702,783.5925855214625,25.79734377414328,4.154015640104488,0.6609866727687078,399.80567100697704,30.042250370621087,2.2280851342393584,0.0008158889805211203,0.22361732228560233,18.40067704312529,11.496976542555986,5.181642943538302,1.168258109863793,49.517565711137394,0.31681173973429055,0.6017806846379768,0.9219020593346101,1.8404944837068775,482.60015788978507
220,220,197,22.685185185185183,776.8184647116836,14.32711497633412,2.2086497489622876,0.3287808118638041,422.68772560471496,16.58982816209406,1.1331478599127771,0.0008588380375078077,0.10926016550995414,9.78863406511849,6.661993328570376,2.8671843175071086,0.616639963184359,47.52204467627481,0.16804626800342748,0.3343384900004117,0.5180283858701915,1.0204131438740307,468.5515969205653
221,221,204,23.49537037037037,781.6044390234139,24.491853197731675,3.677108509810334,0.6424608323536993,418.2088713652296,28.33047383121458,2.059534400451862,0.0008838489364893383,0.23171769587586485,16.970477311263384,10.93268840165091,4.78198740678543,1.1745700533811676,50.76266592427178,0.2600785806316506,0.5296376069852448,0.8346353511983796,1.624351538815275,496.15650108223696
222,222,198,22.800925925925924,783.2893073886604,24.445741934973498,3.9686273988128407,0.5753576646262962,367.46581107886914,28.38283878226471,2.0202129768757584,0.0007896990219756352,0.1894727320188318,16.309518280549298,11.825684934929116,4.918565369761285,1.0691721627993567,45.74449603885757,0.28537359978482624,0.5546625223545746,0.8739129836565286,1.7139491057959293,446.5762238407487
223,223,197,22.685185185185183,780.2478591159684,14.654461017302257,2.222120673625976,0.3033639701291846,431.2238893811628,16.835388870740104,1.1222367213110995,0.0009788767530634521,0.11130357084619011,9.886638645919843,6.773052150982046,2.8826884658564595,0.6491036642779039,48.44700580650197,0.17451108059524792,0.3449843120638943,0.4725610816472344,0.9920564743063767,477.7706438372934
224,224,201,23.148148148148145,781.6616494721221,12.807611573266582,2.1274654957006134,0.3049605254840498,467.1651640662414,15.00244198216563,1.0408843739917033,0.0010285849700472196,0.11430237755232027,8.506445971351459,6.2035524149925445,2.532665090384625,0.6156487973303006,51.443322041366585,0.1509254798524072,0.30146609900953386,0.4498223293224465,0.9022139081843875,508.8179391902642
225,225,192,22.10648148148148,780.332342939919,25.06740664100417,4.136039686051213,0.5740859127274273,355.28055724409955,29.14047918270115,1.9838112675501023,0.0007523624034621029,0.19415136443317205,17.258300013075,11.605070763688834,5.051950557357085,1.0659983792504195,44.72090652085792,0.29017135297196606,0.5630731025732887,0.8684561376064004,1.7217005931516551,435.82200395441834
226,226,194,22.337962962962962,778.6523072377322,17.904940489690905,2.5639264123684717,0.41730905166893895,474.34555846509136,20.58120768579798,1.3470945646400427,0.0009505822409653116,0.13734972553341007,11.831143229045068,8.560413362872126,3.5578684575888726,0.7554835671845309,53.9395678076963,0.21064605970874908,0.41622925091985224,0.5887788937491805,1.2156542043777818,531.3877565690556
227,227,191,21.99074074074074,781.1392342710409,15.620934374497581,2.6791308927372515,0.3983571727053206,465.69890447418567,18.37800035360357,1.301010299431396,0.0009459970538674521,0.12381239543840532,10.801288016777438,7.5861159053005265,3.11924799354265,0.7520119577931176,52.38143181529196,0.18945930021600516,0.3830777977398889,0.5734870810982382,1.1460241790541323,516.8044959953435
228,228,192,22.10648148148148,782.7352988212178,12.335501374717033,1.8618186709863114,0.2611698544051864,415.0808724037242,14.19519968651233,0.9179230903021601,0.0008391183782734814,0.08244066096292654,8.777110127495861,5.366091039816569,2.425129990556638,0.5433967055972841,45.99199709683319,0.14665535950804515,0.27426945988071444,0.4331146437480507,0.8540394631368102,453.9244220590957
229,229,194,22.337962962962962,780.8201093035038,25.994308131047717,3.6807828141637366,0.5768743860370987,430.9329279380534,29.750109144628244,1.9680730381683493,0.0009366546320358114,0.1730207905093998,16.84919172022966,12.601816055881441,5.023178609530446,1.1988469376130608,52.50851779263518,0.2996848041553844,0.5964807440984772,0.9031333565387103,1.7992989047925718,513.7001734050574
230,230,193,22.22222222222222,782.1778043599062,18.080896392422847,2.6193931628107223,0.40701156446892295,416.8785374578576,20.755100293412774,1.379888071540586,0.0008893848822366083,0.13874013944530672,11.892614935119823,8.801731781167074,3.590382215666171,0.7654354109383356,48.26557945441824,0.22321267095604805,0.422075546836302,0.6087070633764091,1.2539952811687591,474.6720011557813
231,231,195,22.453703703703702,781.1603877837707,17.90700956803866,2.7914380291780683,0.42507006190176855,455.46693154691246,20.791828821061006,1.4255866992153976,0.0009128406491903129,0.14465001424640958,11.853994048308307,8.757528107459832,3.5659547009075814,0.7969057941059186,52.111612149389906,0.20806018662783518,0.44171193840622575,0.5967658836971333,1.2465380087311941,513.3203541924074
232,232,193,22.22222222222222,783.442993704074,22.30975845474665,3.5059265544607072,0.5109002119821405,444.8191426582501,25.961014307407762,1.7344502369341064,0.000989102760144045,0.16816614417382317,14.910052691595594,10.56499662116639,4.461206325963029,0.985698054829566,52.67370157505976,0.2579948291967567,0.5088310948973219,0.7904682667164914,1.5572941908105702,516.5795428634849
233,233,197,22.685185185185183,777.542899944351,17.585364587000875,2.7191046094135416,0.4264223077314892,395.1696893345314,20.293224026863516,1.517081372870722,0.0008832322273327369,0.15216736216690482,11.55722688071261,8.677209899454985,3.5010725108490486,0.7914655829432012,45.97715988904889,0.21572428821889106,0.43549763501647154,0.5885247528355807,1.2397466760709435,452.073431502124
234,234,190,21.875,782.4011289008354,28.213080070723905,3.9952113583037545,0.6134271689511136,406.6885007192353,32.17049410285885,2.131517153187837,0.0008624448161418151,0.21732386927546454,19.387984151995934,12.949433531645399,5.63389360658994,1.131026990925995,50.91207524305679,0.34765079447177827,0.6751269228902066,0.9681209691377597,1.9908986864997447,495.7356697030135
235,235,189,21.75925925925926,779.1566872374674,23.284378451387255,3.7311140115470036,0.5520412393446564,395.2716374435525,27.231939878091037,1.7507187762385712,0.0008607096618163656,0.15911579325971376,15.43026005469147,11.560206106915917,4.663560994013549,1.035922482148806,48.111012214071145,0.27239859751354223,0.5606895261733416,0.8515395987822637,1.6846277224691475,470.92612360863
236,236,196,22.569444444444443,778.6863997448218,22.984463329805408,3.924211106031799,0.5608697577002228,388.6434731047125,27.10073252092349,1.8743324367020282,0.0008122097642419232,0.19286437933226394,16.055904167963895,10.706849484357893,4.643732991371786,1.0443711549360557,47.39325669851358,0.27168180736329134,0.5358194526162777,0.836010584729356,1.643511844708925,463.3202243203467
237,237,199,22.916666666666664,779.3271473868514,26.33653807596517,4.427036361069149,0.6405136390624424,387.3823745626592,30.891052671521376,2.177877448922644,0.0008355377257277382,0.2143997081677354,18.643360568331797,12.017825356410375,5.248595619547218,1.237369762365484,48.478016654776205,0.2998906544995389,0.6079650727011743,0.9714170273479942,1.8792727545487073,472.45369149796517
238,238,194,22.337962962962962,781.2651891729308,13.956694626368469,2.1463339113946303,0.30293073875988286,414.53108496251065,16.033220242728927,1.091337682720772,0.000874603394576631,0.11345154623150949,9.151118847882554,6.603639414507345,2.7241718076545185,0.6434459495744201,46.54448743787014,0.1585127793114966,0.3204658546416902,0.5152387046931313,0.994217338646318,459.14140282449193
239,239,191,21.99074074074074,776.4222552782288,13.616305523718204,2.379244946960848,0.34404489821913564,419.3283984345227,16.201262310636164,1.0149724019382431,0.0009020812908302119,0.09516287518195116,9.037223322559708,7.003933001952639,2.805860802298818,0.5792271103340917,47.00318654331539,0.1664496233470383,0.33586637724316093,0.4783756201927799,0.9806916207829791,464.3500060078365
240,240,200,23.032407407407405,783.4172201515717,22.552010292182285,3.4313314642408534,0.4899384210979903,414.074896182612,25.821257823412807,1.9327487454482946,0.0008693827612586189,0.19696862679334032,15.526053335235448,9.970999485827305,4.457712273579413,1.0003709205860931,49.62317146381241,0.26371592952196266,0.5053294832225864,0.7533716241265932,1.5224170368711423,485.45152065541276
241,241,202,23.26388888888889,783.354264915515,21.05123882334315,3.5828560230687048,0.573475118473951,388.78162192613553,25.00716689327593,1.7475675580949315,0.0009298023556848985,0.17045130612447887,13.9978342542415,10.146536964604437,4.2574301793190905,0.988300003236087,46.70356826102015,0.2404798028211893,0.473030098452365,0.7245264730206694,1.4380363742942237,457.74561097232623
242,242,193,22.22222222222222,779.8884179917611,21.52648145791054,3.58444855909428,0.5444729804044747,426.3996972072074,25.18469300155887,1.82372875830489,0.0008609878815643247,0.17048549682620504,13.70180143974854,11.01516185548494,4.424472026203632,0.8955055850550068,50.62552886110833,0.26792238018166303,0.49725760283627946,0.7891636028544688,1.5543435858724113,497.12435150180414
243,243,200,23.032407407407405,781.1645346995141,19.679995806937715,3.224202572541775,0.4938289801662069,447.0183944873713,23.078391051355208,1.5559551526123874,0.0009756611727117649,0.16186744599059874,13.157892324043852,9.437607662591239,3.866899237307131,0.9632697946446482,51.97224077594948,0.22267339444242376,0.4887125995145804,0.7196222320029992,1.4310082259600034,510.912396078651
244,244,202,23.26388888888889,781.4712958157093,24.136789183235948,3.843738868559334,0.5664858748649915,410.9519237926832,28.194963948122602,1.8912076570831058,0.0008397235884459857,0.18728174809153095,16.47340280772398,10.89415909191956,4.75029256645161,1.1506377587606906,49.940104911340974,0.28548042443323574,0.5361499765807312,0.7853492612186319,1.606979662232599,488.1752998755937
245,245,194,22.337962962962962,778.4713151190304,20.757548562917822,3.4519760858213604,0.4937413544370772,432.4566060227873,24.175975845596806,1.7491172174724843,0.0009568453257840174,0.16272373019019581,14.29332297128803,9.840387307870268,4.205608914283792,0.8984378350721604,50.9243349131711,0.2520427991336658,0.5184031534525558,0.7412895178520872,1.5117354704383088,499.70481519221335
246,246,191,21.99074074074074,776.1784355013989,23.003081629484104,3.376660916966419,0.528517354121794,387.3406945607462,26.500840153145347,1.772923914419615,0.0008457750042785485,0.15965752120376417,14.887969796159586,11.521926114406947,4.539428560569658,1.0175919314802742,47.13760979016763,0.2583242756946864,0.559534163970558,0.8373284666822167,1.6551869063474611,461.4173553378959
247,247,191,21.99074074074074,777.3702703040303,26.260879590369615,4.45967155397872,0.6772603245921965,393.8169856056879,30.743550285656013,2.2698447099160517,0.0007859579475533385,0.23468225151386082,18.078367787300934,12.768733142006568,5.319258477552174,1.1812687007698577,49.1563361885041,0.32720297451689095,0.6727239836679972,0.9637775587130232,1.9637045168979115,479.69662511688836
248,248,193,22.22222222222222,781.7005655396304,11.0458319069917,1.801059167090571,0.2515365956014595,428.2230165203346,12.786653299513077,0.9093588234097503,0.0008613296428676864,0.09029262680640177,7.8658749536594526,4.998384144699863,2.165767080356286,0.5258457680318224,46.870270819318115,0.13597502538033385,0.25812870892005857,0.368845139024992,0.7629488733253844,463.56155613580387
249,249,199,22.916666666666664,777.1105208068547,24.017261133447427,4.051413942324736,0.6386659904421149,382.19813965311585,28.616237403547437,1.8351968577119346,0.0008695206544159712,0.18280937636850308,16.051760257212486,12.026233944260353,4.764310931723789,1.2013781275222115,47.13371206576874,0.2743261442714539,0.5414495904190725,0.8402331376319302,1.6560088723224564,461.1885257534412
250,250,197,22.685185185185183,781.1607262862419,18.37177201836791,2.952620911540487,0.44556265994310057,412.15214203737463,21.32035996847396,1.5163410725939028,0.0008966357157290739,0.151094024586019,12.43244023678835,8.91314721641841,3.6280831666097195,0.8568018987862075,47.97325968040792,0.22050128769467706,0.45310316694157965,0.6475567860841593,1.321161240720416,471.6299828511305
251,251,193,22.22222222222222,782.5566714876609,22.488952217595717,3.5400241753698274,0.556342699063482,419.1490163328213,26.1594298176247,1.7863208456987631,0.0008219507358483045,0.1778055080680007,14.985797696454545,11.127387370317095,4.476443624232862,1.016181991469223,50.18174144136137,0.26291703803655003,0.5383065687555677,0.7906520617459696,1.5918756685380873,492.0706022015348
252,252,196,22.569444444444443,783.1225406813535,17.754434503924276,2.6645013238589383,0.4034982739991293,409.175856460271,20.443353281632422,1.3788476385996666,0.0008707653523251928,0.13491013545005875,12.216091878265063,8.092453893059114,3.5007410555561362,0.7895644321648786,47.38583377281995,0.20270919396179518,0.39700811039273043,0.6199772067951761,1.2196945111497017,465.55872627501765
253,253,191,21.99074074074074,782.9652647974882,15.939520096090138,2.7195610706875173,0.3895856731152868,447.02183766408234,18.679406108537844,1.348873473024956,0.000956087588694583,0.13095575609442633,11.237743911938557,7.457757080076225,3.2263592801693592,0.7167103643309062,50.62838506795503,0.19100325060235468,0.37771657012073007,0.6106124442390466,1.1793322649621314,498.8108549187598
254,254,197,22.685185185185183,783.4633055076429,18.979965009019054,2.8862232383245696,0.4580346638162043,462.3245085558222,21.85188232924336,1.574008239350292,0.0010401645451586614,0.150988242133153,12.904559012354783,8.895885628141002,3.813032411637541,0.7948207747469237,53.179729158451146,0.21584113926415488,0.44082045480474924,0.6810008773933818,1.337662471462286,523.0680517282417
255,255,193,22.22222222222222,779.789495745049,19.507798309184082,2.7715638248536756,0.41183715652659064,389.68814495813103,22.141643817558993,1.5519275037005236,0.0007993929847823938,0.1519718637400796,12.789843855933713,8.984924935504953,3.879870485758716,0.7868071581441207,46.04052602024229,0.2206784329796122,0.4660930139456715,0.6897559761290754,1.376527423054359,451.25381682914195
256,256,196,22.569444444444443,782.6597405253307,16.883862686849533,2.6337347315470665,0.4119217830294446,435.2441699412036,19.58803171995087,1.388771924902546,0.0009651474299056878,0.13515900991510488,11.79888217552496,7.31178378412199,3.370028953719709,0.7526330533684212,49.73292625836406,0.1984634640932814,0.3864772917613736,0.6194864819351062,1.2044272377897611,488.92548997382795
257,257,202,23.26388888888889,778.4475891888567,21.03326801842904,3.386592502959323,0.535326508032327,427.12727725082743,24.67990226501623,1.7099183317095061,0.0009675686929253227,0.16452907387769192,14.079011749482568,9.714845958015514,4.246498259944385,0.9351091162887593,50.49107353145062,0.24222163653430184,0.49814021815436194,0.7548248977108253,1.495186752399489,495.0294216061926
258,258,200,23.032407407407405,779.9305565525353,12.245550186089536,1.8746415746224532,0.26802119243203293,451.94130898127634,14.097821586949667,1.0318319855741316,0.0010069082976208509,0.09760082032844646,8.383946734803095,5.512676117730563,2.3760126901209344,0.5903554912897186,49.663391978845034,0.13903581223917175,0.27778157872042575,0.42663073236701177,0.8434481233266092,490.88027565803804
259,259,193,22.22222222222222,780.9420060496732,23.044155813786514,3.6604576918755254,0.5270209783177692,406.66462439278087,26.822236910458606,1.7589641510906777,0.0008318513780450657,0.1763601942654078,15.740326855643339,11.152067963061283,4.633051710532652,0.993043323425099,49.1376006439445,0.2734466113611768,0.5664186260862617,0.7984001847646992,1.6382654222121378,481.07108040318457
260,260,200,23.032407407407405,781.8154914694475,26.552782528140803,4.837006363641605,0.7112574701880126,386.1139660457432,31.70982358958635,2.1900201345472294,0.0008473799459747637,0.22585966040789754,18.001988895901064,13.395210537625376,5.444502156512047,1.2224133883393822,48.5468909540709,0.32343338619245804,0.594248561501188,0.9408045730065915,1.8584865207002375,474.262175775378
261,261,197,22.685185185185183,777.4689200907251,24.500593329155887,3.508765784584872,0.5715218313576954,377.0213543730374,28.041842858286767,1.9406100811407516,0.0007939884890725234,0.1935511628823688,16.18825542987228,11.063425438164945,4.823728140221317,1.062302328507089,46.61141847635939,0.29192489100924873,0.5889477039260422,0.8560766093424352,1.7369492042777261,454.4654385201059
262,262,196,22.569444444444443,776.7408687381657,13.352187640353872,2.178629262421323,0.3091334054613498,417.2109480496729,15.606726025614147,1.0084078769481395,0.0009241796961412498,0.09622823530749938,9.118302582963434,6.406462701526976,2.667894886416417,0.594201037736253,46.62391749534108,0.15666937701864883,0.3083277971187002,0.46078465066786223,0.9257818248052112,460.3575251259602
263,263,190,21.875,781.9698016143067,13.810968687840552,2.0895776760268165,0.3138546876340305,457.9800708094353,15.996990698909626,1.0329227932897331,0.0009103664820944965,0.09339704431833307,9.629983500231766,6.468131093424624,2.7514476497962543,0.598870483621672,50.861295332765934,0.16867029475421996,0.33125428152541786,0.5057519377216202,1.005676514001258,502.1428185047804
264,264,195,22.453703703703702,780.4625281696663,21.233901504425255,3.3377238109488006,0.4564523385218026,394.225217845654,24.53841142477619,1.6292028989618181,0.0008813406513711082,0.172501401145796,14.696907458041867,9.45754341630171,4.212345961108638,0.9302292244904801,47.19135905350297,0.26110410589766114,0.5199255686662182,0.7428246675449659,1.5238543421088453,461.7182655090947
265,265,188,21.64351851851852,777.3890968010112,20.474880391833576,2.9675961831132023,0.46280001771747875,455.4967719541784,23.475439474351834,1.5915024284411925,0.0010093419900453406,0.1419811889639128,13.705536819643735,9.90216435961858,4.035497181893195,0.8944237696609224,53.014862737237394,0.23929314750030603,0.498434137411257,0.7403834759431982,1.4781107608547612,520.9221770526171
266,266,197,22.685185185185183,776.6305839980138,15.450156618498747,2.6607557066413854,0.38196958245232215,447.3249997118465,18.223853544721713,1.243302523858476,0.0009768645426619321,0.1220791875558826,11.05205303121097,7.084080858791803,3.1337069086672535,0.6970634541786478,50.458012663569434,0.1838889981769216,0.3510291973869862,0.5248595853119034,1.059777780875811,497.3827227426312
267,267,194,22.337962962962962,780.9270331064606,29.449238000510576,4.361817925545673,0.686559589552588,437.93262552651754,33.87448618366138,2.31511004294705,0.0009014007743004896,0.22748680307718278,20.329944759963468,13.237970271124741,5.838065651008827,1.2748302160971323,54.53585914865894,0.3597345085410823,0.698353077733871,1.0169940163013351,2.0750816025762884,531.2741732133932
268,268,193,22.22222222222222,781.4411317059192,24.098242069451516,3.9868556617103823,0.5824905405161397,430.9257462574541,28.31344047033348,1.8126863261864576,0.000999415014089792,0.18462127318971797,16.443326591877792,11.876083468577134,4.82171877834675,1.1006505742227175,51.963082213083695,0.2745095937111685,0.5517447090817683,0.8050003269757235,1.6312546297686603,509.33478946477106
269,269,194,22.337962962962962,781.674883156293,24.37427911585991,3.613519740999256,0.5720022056326707,424.99064681723263,27.837026426162975,2.0630460170475415,0.0009143624061060831,0.2009452640348757,15.360215940258758,11.959736445161953,4.756821069337821,1.1168525590601885,51.376767089386675,0.2937578937867871,0.5411423729917342,0.8820720595226813,1.7169723263012027,503.20276234923716
270,270,196,22.569444444444443,780.8786907852136,19.449070336647786,3.1535940322377893,0.47649581306128314,413.5699439992566,22.74989065921404,1.5459798824904523,0.0009441361892761638,0.1540155704167167,12.629798369467972,9.84198033349414,3.86092626013567,0.912028125999889,48.534882221426585,0.2292194864216253,0.46847828024322796,0.6963216324278172,1.3940193990926706,477.10888854823634
271,271,201,23.148148148148145,777.0305314522508,23.145277587142804,3.4637776998471943,0.5097314906449394,420.90621913877936,26.559485374925213,1.8631711642133728,0.0009079363517644751,0.20521430173257646,15.360612988038955,10.449809393280008,4.452344888284763,1.1174152341473875,50.48832573721263,0.2601078852921385,0.5047658430827174,0.7909321570441165,1.5558058854189722,494.2291600947684
272,272,192,22.10648148148148,781.5651372627024,19.773142721826837,2.86057943039478,0.4657148800342285,425.7406791892963,22.557604156344556,1.6455346206583865,0.0008727261337471319,0.1588342383013067,13.745151863779713,8.976939310068717,3.9368522571843267,0.8294199095698904,49.781797163303835,0.22502109853299662,0.47135465643932045,0.7101175948376746,1.4064933498099916,488.3526667896231
273,273,193,22.22222222222222,779.2717347922456,19.466604091637937,2.901414665026996,0.44276479508825023,422.17678355959856,22.308826446411082,1.5713205377826185,0.0008605316461937971,0.15063655312349053,13.055419871587178,9.429343470757413,3.8763159653072994,0.8248049791987375,49.32266006166413,0.23331631566124006,0.4761678045581308,0.6759714920062169,1.3854556122255879,484.5351312078042
274,274,200,23.032407407407405,782.5037995345929,20.440687164750525,3.5505401935299417,0.5443139890016218,463.9106604773706,24.21427549735223,1.7174538208600634,0.0010271126398600683,0.1781641773361465,14.500293963140054,9.643572206337039,4.046762197433187,1.0384945278573068,54.0016498408984,0.24862662777162536,0.4686205772950687,0.7411114355266217,1.4583586405933158,530.7443100050617
275,275,201,23.148148148148145,777.8932512085087,20.406166182157932,3.6445239335635846,0.5428873079903203,447.56999805922544,24.321635474084136,1.7183132284785745,0.0009969038599131456,0.1805779025593322,14.37616192756606,9.671625009702527,4.149179309859686,0.9639828431559735,52.38504863012101,0.23862544599571955,0.46222823815659964,0.7363282945356058,1.437181978687925,514.6070681333254
276,276,195,22.453703703703702,776.7065841850949,17.31629733044108,2.8249279257386584,0.4162307055719525,446.7255406844297,20.276409075193975,1.373522678337559,0.0008987977747321594,0.13446512689316553,11.66636492922162,8.082607749387492,3.4768005011252896,0.7727473983401,51.04753205830966,0.20493439022382037,0.4155228098185468,0.5728772161915419,1.193334416233909,502.59378238946755
277,277,198,22.800925925925924,777.0591266956401,14.417023232788242,2.4105086253652273,0.3660875875832182,433.1811279449026,16.91251919633919,1.206705124437081,0.000950397644499038,0.12447181383181795,9.918180086759218,6.979273648894707,2.8587459096618106,0.6994028108056406,48.65283575387003,0.17001756731911524,0.3281589222936362,0.5165868910947878,1.0147633807075391,480.17157967296157
278,278,200,23.032407407407405,777.6061128389347,19.266135287843536,2.8671559055971483,0.44247871100113295,380.09076730294333,22.22747687498808,1.4519716505033078,0.0008568740149792937,0.14965937538296487,13.23623141288419,8.580622008568728,3.7969297506037782,0.8524886120922992,45.02678643922085,0.2251651476838906,0.43939131083056865,0.6738611701100458,1.338417628624505,441.0649599821638
279,279,193,22.22222222222222,781.0385957715409,16.79388924875108,2.6952514039493374,0.39617522688806905,429.9924919364792,19.49711774871881,1.4191563574451436,0.0010112309104583187,0.13491052392482036,11.651502605386614,7.913998333700335,3.406577554716326,0.7120932484062737,49.20025254306948,0.20051750061794857,0.4116867962520786,0.6088369801719317,1.2210412770419588,484.18371409093186
280,280,195,22.453703703703702,781.7048144698538,15.402009825293293,2.24413794860487,0.3536356350192117,455.0201910686577,17.743137964140203,1.1604047204915588,0.0009274976367717148,0.10487126748869326,10.3224224475341,7.080994717137485,2.982187286882307,0.7267672376454172,51.094148891964,0.17414286682343874,0.34258139806650506,0.5225917291741986,1.0393159940641423,503.8585811630617
281,281,193,22.22222222222222,777.3388676879551,19.9319730119096,3.180463910178063,0.5165562156865161,406.95993212912487,23.35919017445682,1.539496127497926,0.0008448192954000266,0.14710498778608988,13.059860182368151,10.04119973131913,4.022500529438933,0.8749646173301107,48.05726587116017,0.22996444134142366,0.4676042961308042,0.7285228088540662,1.426091546326294,472.00031780034976
282,282,190,21.875,779.5334354649727,14.947649264129387,2.2996764837338466,0.36000471171057324,435.69616003762275,17.3450272631339,1.1384392030806125,0.0008985274506641619,0.09897810826419931,9.789336500803591,7.267865767047275,2.967834744989568,0.6614507010468779,49.05184834019017,0.17713266046545345,0.3642652111737249,0.5440020192047753,1.0853998908439535,483.8693847030536
283,283,198,22.800925925925924,776.7238137307048,21.626188714979158,3.514145149441394,0.5295979472943374,409.660116585705,25.12527657869835,1.849797934683224,0.0008398572199197885,0.19669376618421075,14.07684541195779,10.975746368833288,4.389249307431572,0.9203937310420633,48.940704170622396,0.2512943677795264,0.510982546776872,0.7602400614446525,1.522516976001051,480.31056291751355
284,284,192,22.10648148148148,776.36582651284,23.128097908011473,3.5907173913332797,0.5250221228801176,416.0015346122963,26.756333966620065,1.7321087847431238,0.000855565903631961,0.1576486972244752,15.589322989598696,11.11503177775357,4.6162533619232295,0.9832212020551389,50.064773600916716,0.27621699175728437,0.5514367592891566,0.8460910517037348,1.6737448027501758,490.2805701934946
285,285,197,22.685185185185183,776.7907767148456,12.519107704739767,1.9963461388585337,0.29485292473343355,436.08010847814705,14.479319247437324,1.0696555414183078,0.0009651981170907872,0.1075478153759987,8.748970014530759,5.842236917665763,2.508271080902399,0.5547183456947192,48.21529251059711,0.14636829685244762,0.2976585118210233,0.44197763287595504,0.8860044415494259,476.33913383463977
286,286,191,21.99074074074074,780.4084521889204,27.138614516068245,4.1855743842278725,0.6065787893451305,436.9350474062963,31.285920958339037,2.132563632854301,0.00095135069817139,0.1891309470522141,18.202866172952653,12.768860407089113,5.337203931570832,1.2285950995664328,53.59692295877178,0.3197883894437951,0.6312113274680862,0.9391752388397988,1.89017495575168,523.6992163788593
287,287,193,22.22222222222222,783.3603321049583,21.906685993327187,3.5463342702438476,0.5414960152283372,378.9065617783763,25.641198839368954,1.688497656964644,0.0007956883936664104,0.1598908955212382,14.88785290421152,10.65040416335689,4.445562134636503,0.9337593240916944,45.97792817148744,0.2658121464609017,0.4969262061653405,0.8047826643098172,1.5675210169360594,449.98870777644527
288,288,198,22.800925925925924,780.014121705611,20.94694832024288,3.1915538376443684,0.5005826654457297,433.42772982375914,24.267041173800163,1.6612209697729403,0.0009196356641547149,0.177373387603097,14.030413492468083,9.781712271746251,4.178178678925076,0.9241977799909451,51.01951686085918,0.2460954234397476,0.48696956895799604,0.720488303186924,1.4535532955846677,500.5110118401794
289,289,197,22.685185185185183,781.0909016307137,20.456676980478306,3.0152491593367445,0.4899068334670722,411.6400589302804,23.508111236101872,1.6449680155221522,0.0008419509167239301,0.15693815550213505,13.800160228833695,9.532465240440224,4.015542379451999,0.9234128324156978,48.61872334610338,0.23449988758765172,0.473549070274847,0.7164799608035631,1.424528918666062,476.8087006325793
290,290,188,21.64351851851852,777.0057297824541,20.86225818276716,3.0910844800477917,0.4569225990822266,414.43654152577176,23.904267285455994,1.6216832283455316,0.0008605306495519136,0.1575730189507198,13.576735562050091,10.474424303286376,4.17210338083204,0.8611836210207945,49.05194685141768,0.24319201182661163,0.5010130096977581,0.7369461260845733,1.481151147608943,481.5200533038189
291,291,190,21.875,781.2108131664417,28.599417617053103,4.391053017412321,0.6214907401159436,384.42676300356266,32.89838859601816,2.2149224980932654,0.0007838652033264512,0.19094300013295884,18.718655807467343,13.464902823670412,5.648106998487175,1.2531327352470962,48.90597908614597,0.3534963076437522,0.7048339471174726,1.0693100190270166,2.1276402737882414,475.83754516878463
292,292,196,22.569444444444443,781.6314977578548,26.76765889665931,4.626104998764189,0.6543983891494587,419.01389614567074,31.673877814904007,2.013191481685652,0.0009564461609332008,0.20516284396343562,18.31862230371066,12.862730356226518,5.446832086292911,1.168937995660256,51.824881705436425,0.29893447975027587,0.6209365642386654,0.9921171961633108,1.911988240152252,506.3457356952897
293,293,197,22.685185185185183,777.3882898489924,17.331640782017384,2.6376435126413624,0.3700641195119179,424.0796904147395,19.881002779285797,1.4099306123548527,0.0009217522078240382,0.14544186238337173,11.732342887544126,7.757891161870106,3.413758860807907,0.7656288962504536,48.72484777295331,0.2031959610105229,0.4267188354399925,0.5953182223957068,1.2252330188462222,479.0188477729167
294,294,193,22.22222222222222,779.4956437816163,19.26809855804213,3.0830926379302452,0.456903361458753,403.1005468898673,22.353999789139312,1.6174428834825099,0.000816212697670096,0.14351813328879942,12.629134831133806,9.691444844027556,3.8792540649850626,0.8325926640268908,47.40132007214321,0.23734984044142432,0.46784111154801244,0.6663508611629934,1.3715418131524302,465.7992518520986
295,295,191,21.99074074074074,782.4098759265936,14.589853100321962,2.313238399153513,0.3442856384184613,425.2502698377423,16.932911911863783,1.16745526238236,0.0008941961891151566,0.10168033980887911,10.20511598736379,6.557050749825819,2.8727053610513757,0.677674413861941,47.88998708171046,0.18110340232531236,0.34582753722401743,0.5506297058770584,1.0775606454263882,471.8855798560458
296,296,196,22.569444444444443,782.7671835621775,14.886162118943068,2.5007289366161656,0.370412488926962,416.3613931846474,17.49883872000562,1.231556476055082,0.0009764675032900252,0.11835061386928439,10.150901262478216,7.3598996039001845,3.02052772195058,0.6655198307930172,47.17521046539484,0.17929976585601443,0.3664395588044172,0.5585254701643818,1.1042647948248134,465.11863095803545
297,297,188,21.64351851851852,779.0452831044237,17.82918356957713,2.9932133645975423,0.41211921789869993,452.4946570354745,20.817772077721273,1.4023603142695562,0.0009442397994462449,0.1298080460603917,11.544237728673023,8.850795952891767,3.5793811299215235,0.7903786679831333,51.82595124409393,0.22415150607955306,0.4122435948050567,0.6478697042187241,1.2842648051033339,510.5848784212983
298,298,193,22.22222222222222,779.6780968876969,15.30550219647799,2.3094597561597974,0.3227473813868875,469.04892248752145,17.543029227243043,1.1999858810842816,0.0009821201288845107,0.11818512302753872,10.014089733887237,7.310941724116737,3.005627077248956,0.6741178544066333,52.46466829659127,0.17232053103537637,0.3515561418696,0.5351563469002717,1.059033019805248,517.8985338486075
299,299,195,22.453703703703702,778.3671075828427,22.904642464307706,3.6557895686281228,0.5453822266345221,396.0165098545819,26.79186746389775,1.7130968051023263,0.0007945390406631746,0.16453819109914555,15.70250041872549,10.922520895485471,4.565112246970962,1.029796826074924,48.046752383804005,0.2741222905324235,0.5565153034549513,0.8655080995555061,1.696145693542881,470.0061967753664
300,300,197,22.685185185185183,781.3120226757168,15.834590034673573,2.375833855632772,0.3144229587425581,435.95406936665097,18.07760664167153,1.2554079571445937,0.0009649464922344972,0.12447188251352523,10.216102500565603,7.612612673220466,3.0635488898085916,0.7305515685268394,49.34069049570872,0.18253302258687062,0.3686312591452167,0.5631511644522502,1.1143154461843374,486.458396221262
301,301,191,21.99074074074074,782.2215683119016,27.84943309005235,4.121377297682121,0.6045158448268113,395.37363018687824,31.82991127146248,2.2781376056226055,0.0008379607961529384,0.2099538949738472,19.17577091709163,12.457536664835104,5.433462446290982,1.2667943643206736,49.68353584449149,0.31925133064084427,0.6658897903321784,1.017806473532359,2.0029475945053816,483.4285382222468
302,302,199,22.916666666666664,782.3137111826773,23.323984066775463,3.7908931160601376,0.5575930243125573,409.8207966788688,27.07078206949021,1.945084815184428,0.0009559351056735602,0.19716577968638319,15.637089763193408,10.798713431147023,4.674163888614253,1.030997044221763,49.55906817754252,0.28431922074053123,0.5444464215151429,0.8058682066596966,1.634633848915371,484.84576369838203
303,303,195,22.453703703703702,777.7517067788748,15.049528729101027,2.213566159603801,0.3394051499536119,413.5628760399066,17.293007868544162,1.1696116106953056,0.0009130480398601897,0.11021783259207721,10.101735965974573,6.975026672554741,2.954593193680019,0.6659011195501627,46.82608941094198,0.17565685059716826,0.34121864484896125,0.526623355496399,1.0434988509425285,461.3781462751639
304,304,192,22.10648148148148,781.702367961873,20.257800796210503,3.139638827169145,0.4600946008037204,427.12588377268474,23.478826324600618,1.552494225313419,0.0009216555536405752,0.15664429613749256,13.273463962627563,9.46106260559889,4.036413041598762,0.8823272491307066,50.12827020480765,0.23366510692687603,0.47199758479235904,0.7220992997615407,1.4277619914807758,491.9798693862824
305,305,198,22.800925925925924,782.3919978661368,15.06206364879307,2.4611139927243455,0.3473809265096753,437.58604138260694,17.56162590042694,1.2252896186791282,0.000939599684594737,0.12108627597339806,10.337054527869295,7.1940846020077345,2.991672565532834,0.6976070454218717,49.30207634260667,0.1772250185879907,0.3526548822351986,0.5246238219403484,1.0545037227635377,486.30340928112406
306,306,199,22.916666666666664,781.1401136328853,19.365066524606135,3.0490887063145915,0.47104758359615156,450.4758184374636,22.41295973311433,1.6888206598370914,0.0010055549171378614,0.1693939036069858,13.397707369383326,8.970230365774608,3.805056715588934,0.9291035258657777,52.17495896599492,0.23715837325637107,0.461308575930001,0.6855034397022198,1.383970388888592,512.7215620995739
307,307,194,22.337962962962962,783.209048706374,12.698294807402993,1.898789419656758,0.28667580025338885,475.35420538050425,14.597524100315116,0.9753299976858717,0.0009419355303046411,0.09645664962101702,8.525281011438073,5.601141394915179,2.4945757373733985,0.5631088429773377,52.144872923024096,0.14087524974361704,0.28341196602801155,0.4300713414484901,0.8543585572201187,515.421402623456
308,308,204,23.49537037037037,779.4571706718675,19.007180320509534,2.9483041337498883,0.46977417807977667,401.6073841324882,22.056040667970848,1.5565809946208158,0.0009399890823823557,0.16105477331684026,13.50506945164587,8.148368309210216,3.7205351550595673,0.9000986621388373,47.103134047316296,0.21230212847597243,0.43358977671831317,0.6299983518303145,1.2758902570246002,461.85215157325143
309,309,189,21.75925925925926,778.7412029017389,20.137013467984524,3.27584453655817,0.49304705007749833,423.99380415271065,23.423186912976384,1.6497362962686701,0.0009007353542471253,0.15454425736445315,13.053700868014216,10.235066686683888,4.017498275319454,0.9062285206956121,49.8218615863189,0.2403159536563692,0.46628461490916784,0.7632570927505501,1.469857661316087,489.75672855330964
310,310,192,22.10648148148148,782.5694297590185,20.48708519660635,3.4296474902568517,0.5176772510173626,444.4043608700189,24.09426744348742,1.6361741855753764,0.0009457502389745095,0.1508639923245521,13.83456919413865,9.78108008194234,4.152643734554987,0.9061601027558399,52.03514419866954,0.24782913028063414,0.4803665801970503,0.748155061328947,1.4763507718066315,511.03725687058557
311,311,195,22.453703703703702,776.6727623191364,24.57792572500345,3.9637782164372015,0.6003005131264536,389.17174655938425,28.64761293899221,2.0031594083868534,0.000867399053008442,0.20168006707847638,15.984134931654358,12.286183904068773,4.877124947242661,1.1364451926601933,47.95609885286073,0.29295047892759224,0.5644419062248974,0.8624909012690416,1.7198832864215312,469.186708157855
312,312,195,22.453703703703702,780.1715030374386,15.564736382144732,2.4105471043327094,0.3866284846949053,442.69933825271204,18.052160031795736,1.2602215828766161,0.0008953726739157195,0.11539666821335526,10.987719388040922,6.970446443397859,3.1372150939823884,0.6603168507462436,49.98486599997928,0.17918504508254274,0.37550536306525056,0.5390265365945335,1.0937169447423267,492.3516192123128
313,313,198,22.800925925925924,782.0965430907955,20.803582280867527,3.2210998939664863,0.4813044956879649,421.66827841464453,24.07898916123691,1.7120009339874769,0.0009032991398991118,0.16424417283213735,14.248379768590143,9.89128327395795,4.170540289277764,0.9021907205046592,49.8152650185588,0.24855492564910553,0.484987336463806,0.7675120991754806,1.501054361288392,488.59547129739167
314,314,191,21.99074074074074,779.6507416116675,19.49931864863697,2.9599116281919153,0.45824641651045167,387.30914076357703,22.673774866440763,1.3802386204559316,0.0007954530168809192,0.13990709007131058,12.945936512064034,9.548625264098597,3.8316078856727898,0.8886243274767476,45.86409617539135,0.23809545057873463,0.4708963674699624,0.6940930941343549,1.403084912183052,450.09327587633237
315,315,192,22.10648148148148,782.7715340984008,24.72880669064547,3.887894613538107,0.5740079931089264,382.18378021566963,28.67151138725071,1.9557848510896647,0.0008316453972369047,0.18857258126391568,16.64365377420723,11.909991727335964,5.000880321634906,1.0332553320674787,47.30972891372484,0.2981019196564874,0.5491982787805129,0.9234106178992338,1.7707108163362342,461.90602817533824
316,316,197,22.685185185185183,780.096365805222,22.90249920692065,3.810487253658578,0.546671846105892,420.0932484469078,26.760358219140738,1.82781538497104,0.0009490999201911139,0.18438394147315096,15.624067226889338,10.476339104978663,4.561840428202528,1.058169350554305,50.46064406811548,0.26873592709824123,0.5354610109125777,0.8353773770673298,1.6395743150781488,493.8623365979117
317,317,192,22.10648148148148,780.175658656659,16.07013597347264,2.6814688124005097,0.3916328256352887,407.5098074552084,18.680691579485938,1.4045179535854322,0.0008436308402121148,0.12773677619842566,10.628611222206537,8.014035489434475,3.2295745869682917,0.7127099962779478,46.67995665231882,0.188350544103592,0.38532853679262297,0.5768594833597701,1.150538564255985,459.9736936437635
318,318,198,22.800925925925924,778.8003627379322,18.925437437637218,2.808459721800156,0.4043561024332309,401.6104093577559,21.604091747024068,1.5261702649616182,0.0009045357118912544,0.16256650884962368,12.47855738179251,9.175471187145645,3.7280791314627852,0.8230468578499668,47.045048032654904,0.22756371354299373,0.4459603946957748,0.660831539648638,1.3343556478874063,462.10334850051953
319,319,200,23.032407407407405,779.4527982489711,14.919983753420517,2.2593402232258364,0.3159763775590798,421.83800398978116,17.101727684232763,1.2228805195205614,0.0009014062020838415,0.13506756975143774,10.181720727123654,6.929292804029559,2.9438354519949206,0.6600666736064271,47.61833542279138,0.17250960001692414,0.3532466975329326,0.5004089232678978,1.0261652208177545,469.3532416741421
320,320,194,22.337962962962962,781.7376544513519,15.927631899523954,2.3728583973708854,0.3506588338291746,445.25273760169614,18.254713394881666,1.2825858799912957,0.0009022117804824071,0.12404914660542615,10.51910258901875,7.513249940084077,3.1108192928356324,0.7226093487330516,50.321236258272826,0.1911746182414647,0.37042380652744095,0.5589187466921075,1.1205171714610132,496.03333311879277
321,321,194,22.337962962962962,777.4365831781118,19.706632553655123,2.9510355609786862,0.4396558156477896,405.46942830028524,22.71959199766439,1.4769649127284707,0.0008490478080159347,0.15066266042806659,13.450327965552843,8.91831524642054,3.8635837875661894,0.892354548624666,47.725106944744425,0.2338274552375199,0.43119349872207613,0.7033503283420074,1.3683712823016034,467.9574457141088
322,322,194,22.337962962962962,776.4939335823201,21.617965426280005,3.139214741460495,0.46199697659198524,431.18430175056733,24.743079492179316,1.6580584459696897,0.0009047438734057747,0.16070831289024176,14.693534673793131,9.969277298256708,4.237045506092557,0.9547802685868917,50.97502185961653,0.24053531214768248,0.526216893090942,0.7573973924957428,1.5241495977343673,499.651482560483
323,323,193,22.22222222222222,778.8155290438648,25.99956179618148,3.910140383358775,0.5593969957182336,395.0296961437154,29.872353312631095,1.9878134404361618,0.0008396734295628398,0.18636196103114433,17.940580166860848,11.584587869976039,5.077533449955707,1.181679289593467,48.96516424681824,0.31725150494616045,0.6126273091746256,0.8974718321803454,1.8273506463011315,477.2173149623282
324,324,194,22.337962962962962,779.3059601528576,18.367633754972793,2.954122886080418,0.4194823949933246,441.8806316660651,21.253766565640266,1.546487785347792,0.0009196958789132979,0.14577101509706547,12.676357187334615,7.994632033147647,3.677252098153576,0.8049113134932834,50.9451029810697,0.22352846034402488,0.44270334018009133,0.6613834337760541,1.3276152343001704,500.3732264431703
325,325,196,22.569444444444443,782.9395542210324,24.686128367261567,4.145633046516051,0.6606721764616682,407.49212191495786,28.99748038020549,2.134417480457166,0.0009436394551019684,0.21404487721157628,17.026399533409712,11.431329615516189,5.056874171085185,1.0681704444939524,49.90474858118982,0.2921475089403888,0.5750970893641338,0.8354188483280277,1.7026634466325503,487.5904795602543
326,326,201,23.148148148148145,777.4735535406588,18.702847844172073,3.018403503848831,0.4576711094083662,433.05253583579855,21.845726771037725,1.5251681506453822,0.00099053083183272,0.1560212555464404,12.77556558584486,8.57207865808862,3.717942784834499,0.8761317705842993,50.203754645047034,0.20863651204431222,0.42367681879689173,0.6832676437987055,1.3155809746399094,493.24109918943657
327,327,191,21.99074074074074,778.3663312695782,16.809476254121293,2.5055781765256366,0.36185992260367195,428.3146570712318,19.303741895608653,1.3110586643684623,0.0009200068191497258,0.11964112149899976,10.795667428180344,8.103123939588645,3.333941628556723,0.7211975540064437,48.95882096223424,0.2036726320794601,0.4147457532113906,0.5672435757266008,1.1856619610174515,482.070858195947
328,328,190,21.875,782.4935979065709,12.604804563920347,1.9993347465884035,0.2999772631584421,445.2551137032652,14.609281968225755,0.999624399718202,0.000912711286094894,0.09673041896871842,8.278022539920373,6.291401403247859,2.5045652345057836,0.5630583083980535,49.15487675096095,0.1555663633766154,0.3002472286462818,0.4570996847606061,0.9129132767835033,486.1377179980663
329,329,190,21.875,779.2158945515561,17.273292807425598,2.5948764712381327,0.4056745299478826,411.89593574437384,19.985679305526695,1.340603904709086,0.0008773941719792754,0.11625772414264261,11.628788106532761,8.440700680537567,3.4383854927078588,0.7570993119184978,47.505996851933574,0.20529670020429017,0.38949925371120464,0.59789856768229,1.1926945215977849,467.4420778882977
330,330,194,22.337962962962962,783.1507795678589,25.808595785959348,3.912740703497049,0.5739157295007586,387.77735556873154,29.859534295883133,1.9552140005565524,0.000772691425892076,0.18529033317933205,16.78286807667607,12.367655865199637,5.121191686922194,1.133652172159318,48.217146018152484,0.31141488383791754,0.6309201845410158,0.8870801546570751,1.8294152230360083,470.52533405605084
331,331,197,22.685185185185183,781.4140620089786,22.49581263900164,3.680212382818459,0.5656513335256778,434.7252950846019,26.20548800373036,1.984712298796365,0.00095203780389025,0.1848251022320314,15.23666442391352,10.572741399453013,4.567293386501203,0.9766108271263667,51.80114075981139,0.26067364765762724,0.5518872830279444,0.8090323233249146,1.6215932540104863,507.5811877496014
332,332,194,22.337962962962962,779.8059556091041,23.01127522308347,3.9573944671792582,0.574006470780079,423.6712352260055,27.218105026455547,1.8727050944886983,0.0008967973378079218,0.17925986084991483,16.1809032857447,10.514772365027726,4.730097638304396,0.9913447739256311,50.941532906465,0.27757282395138616,0.5596607689469317,0.8350071626352321,1.67224075553355,498.3933336989716
333,333,198,22.800925925925924,776.950074410899,15.513887965887418,2.5248310650825916,0.37108093705088885,448.53213628753787,18.074835173954746,1.2502738045005546,0.0009821079992329124,0.1277248084036694,10.591481056775265,7.2171595936381845,3.1299730737877867,0.6725485711849103,50.57536139288805,0.18383768343800574,0.3812141983148312,0.5508187927102561,1.115870674463093,498.5313040634909
334,334,201,23.148148148148145,782.2703355448506,25.91145888784323,3.8994786037491194,0.6215302244011753,425.1679643704918,30.037933527018392,2.0599949119419696,0.0009528238499708988,0.20581854373414973,16.749742615245047,12.780920070958778,5.174821219757179,1.1354264192591312,52.00512861410922,0.295104505123581,0.5915193072788074,0.8919781550503435,1.7786019674527318,508.7749015704576
335,335,191,21.99074074074074,782.7346074729433,21.456013030444947,3.4226808670564677,0.4859802371978373,396.35521059832763,24.939448912875914,1.6290028212240801,0.0008385381014574404,0.15119623293427376,14.606247553722376,9.814907879816495,4.2283658059425235,0.9831364372666616,47.50830855183973,0.26004292561919296,0.5421742413509973,0.7604614565246407,1.5626786234948309,465.0294599846831
336,336,195,22.453703703703702,777.1773624199546,19.544331940826297,2.953071498214628,0.4081036774800624,417.1293793249645,22.476372564884418,1.4577631848681052,0.0008299641635616709,0.14650345811247134,13.343922070240733,9.106120470154451,3.8592861101932736,0.8371378338764184,48.818216008602214,0.22690083108070203,0.4490673601085075,0.7010649541242318,1.3770331453134412,479.2959331730516
337,337,198,22.800925925925924,777.3238763955599,27.15186761139897,4.200141671188936,0.6719736844385757,368.93779427927825,31.466322756712525,2.1975817982599164,0.0008237943887022509,0.2088112012121488,18.16922176814968,12.737111569606286,5.402796696186166,1.2057125236664472,46.84164945920369,0.30238640706724407,0.6622480482977474,0.9268020606451649,1.8914365160101565,456.072374102347
338,338,192,22.10648148148148,779.4651760480896,14.244115048906973,2.3385080401615874,0.32926937530326006,411.26411781140894,16.703885176907068,1.09656169999359,0.0008735847774437656,0.11082944609524,9.413597329400199,7.19591127261691,2.8290031589714664,0.6637179520566722,46.373643910929076,0.1661925941854873,0.34488601697583016,0.4892229460185005,1.000301557179818,457.77709412437895
339,339,196,22.569444444444443,778.9926745821817,16.773144072002342,2.569459271312126,0.3843676873151363,430.3519016660579,19.300783239188707,1.399666366922946,0.0009004176349518873,0.13597495790661612,11.316090748521365,7.743290562022808,3.341075921272762,0.7320831549007427,49.17322952803399,0.1843118558378456,0.4118312601864024,0.57829893868625,1.1744420547104981,483.9070893712476
340,340,195,22.453703703703702,782.528998460867,19.35694511136785,3.258742779766624,0.43353945991540055,461.88521588931854,22.51294350102246,1.634624913614481,0.0010182545012722413,0.16861089885610492,13.055119421439318,9.18313366907118,3.8844047288578425,0.8660041718249643,53.33672119526376,0.22497676545125866,0.46263678535542674,0.7126779477154679,1.4002914985221533,524.585474876639
341,341,193,22.22222222222222,776.8606819630296,24.504400041072376,3.8255681869666107,0.5771788230929813,429.53578169824124,28.353685618251863,2.0146607332294315,0.0009885957797282562,0.19801611649150666,15.974528400225203,11.675845130383427,4.852164241315156,1.1192744604743414,51.94129948179874,0.282404916887139,0.5842910387345515,0.847978608250656,1.7146745638723464,508.372238209171
342,342,198,22.800925925925924,781.1930846906004,15.787496317020091,2.6400831103364375,0.39858453824677614,458.2338357750531,18.60403599801375,1.2902339011820416,0.0010082944866906009,0.12437710081559177,10.858006363017019,7.56644645827662,3.226523924471077,0.6841410996551684,51.6810333124657,0.180137245967345,0.36066074902243755,0.5750658811681818,1.1158638761579645,509.6726303937152
343,343,193,22.22222222222222,780.0306694111296,25.1812213454012,4.162232444273798,0.5690512576975336,375.0601448522932,29.4128340853346,2.029343767699902,0.0007964223459421642,0.18841368836317704,16.95634789795966,12.35443784185809,5.0862718605640715,1.0886362990530036,46.79725565463035,0.2881613597393915,0.6142177023927925,0.910381165879412,1.812760228011596,456.9461440928962
344,344,196,22.569444444444443,780.2260730982584,15.580385396433579,2.363187963714808,0.3469294924814419,469.5614667024119,18.078595865639393,1.163304446344534,0.0010834067570802495,0.11169922588738958,10.304426504968342,7.635246159493878,3.082465170120374,0.6931461344684673,52.64924982887404,0.17809813423478657,0.3586288357499468,0.5525254978960336,1.089252467880767,519.7067624316337
345,345,199,22.916666666666664,780.7964329094182,22.682674296370735,3.6195775238600114,0.5614376307483778,418.48344142890807,26.50803716150566,1.886557535066779,0.0008824047688526163,0.18421614600793068,15.297185134467602,10.863567363325037,4.467595537596804,1.0897123570820666,50.19381342609141,0.27218728717041313,0.5222106288154227,0.7810383230586072,1.5754362390444432,491.92313562428484
346,346,192,22.10648148148148,779.5539345517924,15.01387061974269,2.3699062801985673,0.33079978612275096,403.5535266120599,17.410919529439894,1.1734249032921138,0.0008544177562373731,0.11221223558961425,9.717565402437986,7.374396776623343,3.0406560115280654,0.6202080164942074,45.878423532972704,0.18265633483494118,0.3720783423144274,0.5386586009420468,1.0933932780914153,452.09416846693875
347,347,203,23.37962962962963,781.1197130810018,19.23860697991749,3.069849751249483,0.4829938750800233,413.9415730898941,22.48719447831288,1.5910398317809857,0.0009767266612121994,0.1657787020163623,13.186564579668975,8.87053140386267,3.8054596563398446,0.9152449498617834,48.480046628229736,0.22680689652154923,0.44512477612114826,0.6654138274995882,1.3373455001422858,475.9065949451192
348,348,194,22.337962962962962,780.2676993543549,20.40469111054148,3.4041073447106296,0.5122421315751227,418.30898994085106,24.11451612941209,1.578325348763591,0.0008683890662937152,0.16057929860975073,13.557922600008933,10.032691117238642,4.146410043927883,0.9130100142883524,49.41914816876967,0.23446075119358128,0.46824440996368255,0.7771736431281128,1.4798788042853768,485.0563096732703
349,349,201,23.148148148148145,781.087968952553,26.27806693561788,4.106662702269789,0.6164078432968526,428.5122378078389,30.562566717106485,2.081038210763094,0.0009177972226637927,0.21029446406893917,18.068752856824187,11.870727090954604,5.242472405240983,1.175936204643141,52.474632527844875,0.3067443895457467,0.5834259570757989,0.858900694636223,1.7490710412577686,512.4063992202812
350,350,198,22.800925925925924,782.4718368263339,21.264662413729127,3.6135943253391662,0.5290157013123292,463.3277460101776,25.01503918055973,1.7858805168082619,0.00100428044958527,0.16749105110452905,15.003716654980648,9.290280517416434,4.201742169836181,1.0596526316121886,54.21898083488851,0.25132251863290683,0.5032251005518246,0.755589323389427,1.5101369425741584,531.7662457409193
351,351,199,22.916666666666664,780.7003004448807,22.24285937095003,3.7229501938496377,0.5566182571064924,388.6796153603908,26.023692694850517,1.9352217151658566,0.0008658490691562225,0.19708584518675099,14.62927640400443,10.776457889841891,4.486608138536748,1.013256684526801,47.10573181984555,0.260026912081302,0.5170430842448333,0.7793528026069478,1.5564227989330832,461.19165479840774
352,352,195,22.453703703703702,779.9532420102311,17.691082866749827,2.813636409138565,0.46635662796182914,468.7263403364956,20.615248577975613,1.4803850403156211,0.0009973434581115135,0.14608326363864546,11.711567532955295,8.494204149761293,3.5372462851983246,0.8073316733484923,53.40048079835229,0.21564693905357188,0.38820811888464096,0.6511768192767288,1.2550318772149416,526.033944451257
353,353,195,22.453703703703702,778.8307935693977,24.991769945206265,4.30331243866906,0.6529463363995125,432.60942216181144,29.615478472679634,1.985401783456875,0.0008980280195434007,0.20422161782372295,17.3579442492606,12.031316254290617,5.10914678636409,1.1105471773141724,52.57110078666821,0.2967610459311907,0.6162756869500402,0.8787439104162672,1.791780643297498,514.4062416453324
354,354,194,22.337962962962962,782.6405489350238,22.740798349225926,3.8270181616977674,0.5609394234998774,418.57130092769995,26.68893747776626,1.8609465330008654,0.0009044057918046644,0.17094897071120618,15.63353938577234,11.038409001205636,4.661746759259059,0.9535216324886719,50.26805287615671,0.25219850482371853,0.5313228445674907,0.7970076103553941,1.5805289597466032,492.6560006020937
355,355,190,21.875,778.8694518447043,27.68790192811927,4.294000321574523,0.6271498824506536,391.9305742599096,31.975715883266215,2.1539085853472573,0.0008163956836290169,0.2032988381068481,18.633469425654418,13.16238772344558,5.504815548657264,1.2053170625277918,49.31096039100516,0.32988231749255637,0.6543123965381001,0.9521088042033536,1.93630351823401,480.6821899473226
356,356,192,22.10648148148148,778.665454405385,18.972119488916118,2.9186374410996914,0.38821195070174225,421.9267156522911,21.75387109221294,1.5043375296941828,0.0009321400633121237,0.14430592105739898,12.547818278658735,8.81620288863954,3.7647582154692207,0.8088946901910696,49.109420772900584,0.22258171655680864,0.4296345541630673,0.6989484357030542,1.3511647064229302,482.3501517167593
357,357,193,22.22222222222222,779.257150901112,22.990288308600814,3.707500655294608,0.5436634298294148,411.1129712242206,26.93920582924568,1.7262987585838674,0.0009079235130952764,0.171304067676803,16.193194005823287,10.815581291012437,4.640903613117891,0.9979955018637509,49.58674337288558,0.275701199517139,0.5297989715121798,0.8233431763094614,1.6288433473387802,485.2754639502977
358,358,196,22.569444444444443,777.6480842017019,25.08880430464064,4.071581288952178,0.5904498388782802,375.8030588956651,29.266799767271728,2.0591042377247972,0.0008152100215127702,0.20532716874133167,17.795392121329304,11.654292334742227,4.976417447711038,1.1809032291981594,46.83829803615532,0.30318963519306064,0.6099733392678562,0.8801432049801509,1.7933061794410676,456.6908599029881
359,359,196,22.569444444444443,778.8175006642405,18.64602550492748,2.8960240176919303,0.4385745517962262,426.8250426930457,21.713239472380682,1.3955981366656458,0.0009469406549905832,0.13481730843848697,12.710381232261774,8.68747204559799,3.67819989668846,0.8623995927473025,49.53294185039756,0.21877134700781065,0.44422467237282054,0.6862025902087145,1.3491986095893458,486.6275387702242
360,360,192,22.10648148148148,781.9736179817885,22.173824504015663,3.4751283029493756,0.5625277189052718,400.73597611709505,25.883145660784717,1.7111228738450979,0.0008065077404447302,0.1661309356807034,15.032430350704866,10.81973878248281,4.49805459917838,0.9317721877129052,48.24136755892785,0.25596841448853375,0.5022271655305316,0.8192611167248561,1.5774566967439214,472.5356848871343
361,361,195,22.453703703703702,778.2546098648733,12.886812933843476,1.9902060355859545,0.28085427752989084,417.1520912445116,14.800232268407528,1.053793282501255,0.000873819401376142,0.09791093332978927,8.62849693837736,6.229392757656812,2.4951801390618367,0.6131422345797034,46.41329913192254,0.15813241643538214,0.2935019636935506,0.4607484697058523,0.912382849834785,458.5128727762439
362,362,201,23.148148148148145,778.5059642459001,21.406909599366227,3.373689233175479,0.5180381100883614,411.4091308082222,24.988620092636296,1.7001831900252684,0.0009552973804074422,0.18044173942990363,15.102759261857294,9.121351272367606,4.199464660236422,1.0407540220412923,49.01091412188342,0.24060450189206045,0.5128492988837755,0.728641347244961,1.4820951480207971,479.42163317299025
363,363,189,21.75925925925926,780.40585794221,18.373844586237066,2.9185580200540797,0.4460166972688954,440.9917753384827,21.496532879046626,1.3954851397284487,0.0010020361398044712,0.1204075692032438,12.708673116183526,8.594863158915395,3.7103821976584164,0.7952530576076813,50.89181423669472,0.21719802616284767,0.4650366823700135,0.6802410155781583,1.3624757241110195,500.20659640445336
364,364,198,22.800925925925924,780.3057609499383,21.93192670915307,3.4702885868615874,0.506760089102883,445.7884732178243,25.59300889024306,1.7242637071901348,0.000947110096145247,0.1590673645216709,14.716507627729728,10.481472324045697,4.3141948822886045,1.0415997263774928,52.623527599278255,0.2598710365037791,0.48244571063232117,0.7597832465439696,1.5020999936800699,516.5141026013847
365,365,205,23.61111111111111,781.447736909196,19.70097981502218,3.1003076693497555,0.46346221696560325,429.19089052610695,22.92299741651956,1.6084156755651553,0.000971391145115024,0.17160526338832857,13.691723441314075,8.933941049533338,3.8656605299152287,0.9470301822615994,50.146044647248786,0.2193234512547325,0.47327691889111634,0.6533599357906256,1.3459603059364744,492.2522220417093
366,366,201,23.148148148148145,783.4104186463712,13.429439501191085,2.144209973511319,0.3117683343039792,472.64202927371485,15.579101044835818,1.135839360492056,0.0010578030114731171,0.12187184625189611,9.143653279057702,5.8506832557059045,2.705135067364019,0.57911597451341,52.19629351469403,0.14650943571440156,0.3187295075007738,0.45868710322727496,0.9239260464424504,515.4241774813382
367,367,196,22.569444444444443,783.5626385393522,26.04692325839018,4.557827264102452,0.6335436615431227,408.33794891514,30.831965220585207,2.128510420995028,0.0009286474569659235,0.20942621493068314,17.773861264448907,12.975653392262611,5.2354134217068555,1.2334928780249523,50.527272587853105,0.314790864060825,0.6419313245460129,0.9216992379636817,1.8784214265705197,494.07005472170863
368,368,194,22.337962962962962,780.5649255437753,22.028726231983683,3.316792849859638,0.5226036290972828,392.9219536403641,25.45004590055922,1.7386329491068342,0.0008525999124079205,0.1689249427721165,15.298319934842889,10.030279808223689,4.369967701747685,0.9813249011386412,47.369889275880745,0.2678964007692582,0.5257440349504283,0.7928101271883139,1.5864505629080004,463.1165557176733
369,369,195,22.453703703703702,781.7893306009627,20.660365084979297,3.2897901186900635,0.48997203069030787,441.30454616305593,24.105721785491525,1.5843340308777674,0.0009359726584340674,0.14939720121672706,13.41337036437468,10.266568565637888,4.162014704247322,0.889490938256696,51.752895516290025,0.25734769778916583,0.5019390833502986,0.7707094278983546,1.529996209037819,508.43313280483983
370,370,190,21.875,780.2393844315371,17.975780792797,2.561732517630239,0.37983129442483554,431.95017043339766,20.500869106744805,1.3158969642105052,0.0009012615677885662,0.12324333274172071,11.63876841606396,9.014301683867057,3.5165820561383523,0.7727491913180723,49.70631109204296,0.2130852784035376,0.40252653979020214,0.670402490797383,1.2860143089911227,489.3980729438291
371,371,191,21.99074074074074,778.9447878564887,20.20727837167206,3.2201238845366342,0.47035098652247725,442.06360426229907,23.46967428640059,1.620992405233027,0.0009731209313992578,0.1469251055798145,13.565233743755826,9.820636302925514,4.015443308187695,0.9130601229102883,51.63390775189998,0.2504195328717396,0.47189992545563947,0.7271231398692535,1.4494425981966326,507.39850475539527
372,372,190,21.875,780.3930023688964,18.64421914270402,2.868158935602634,0.4116187930848642,439.0587215036259,21.43770450550719,1.439014292674418,0.0008855350735353062,0.14847214392244754,12.21449016940089,9.399979601466445,3.661947987767493,0.8303053806334996,50.709202939006076,0.21059981440689185,0.4368613568644282,0.7060403619774384,1.3535015332487585,499.25452935531126
373,373,194,22.337962962962962,780.5344579564658,18.687763281512535,3.1848549272975664,0.4643411651470559,452.27545386418797,22.0610847388379,1.3940448970216381,0.0009483017597605581,0.13813212917734818,12.647992844662513,9.074287974927802,3.768776601463905,0.8335637573598622,52.13309911215538,0.2227288038831209,0.4401787467356767,0.6535683244162235,1.316475875035021,513.1997275137284
374,374,196,22.569444444444443,779.2970095856673,18.60386424118485,3.00485640752009,0.4427831496146539,451.64741951207753,21.670592176506773,1.551657323154087,0.0009329892036097672,0.1453738128623728,12.679153836569027,8.738091533526074,3.783758732955107,0.7913839045530622,52.030866011658404,0.21797946274615032,0.43979887367833126,0.6470549933451658,1.3048333297696475,511.68554711292785
375,375,194,22.337962962962962,782.5451246949921,22.73975127501819,3.5961126123001406,0.5133662344476174,418.3642466475302,26.44032015266758,1.685005370896323,0.0008672347880261933,0.16383632828602576,15.402360592689918,10.380947784961124,4.520282501018232,1.0042058113901262,50.17205941623808,0.2633478558638486,0.5317399700164599,0.8327040273768814,1.62779185325719,491.03673380656085
376,376,195,22.453703703703702,778.0555473198156,20.57788964572517,3.3867618309433802,0.5258279160752175,404.96613154570286,24.259656648337952,1.5632014813514445,0.0008892464285924262,0.14260286673981615,13.719886257489172,10.215663300245152,4.133933237393605,0.926138367675069,48.09962806247946,0.24446217369458395,0.49534626676404947,0.730356220959478,1.4701646614181114,472.16886074803637
377,377,190,21.875,781.3978185847217,9.695156579862248,1.5210090778090408,0.21012178289703273,435.81200385856096,11.16258597940508,0.8003081192321609,0.0008955629922591355,0.07699657909774987,6.415114131925422,4.763423223346297,1.9102584696544955,0.4403781087757606,47.13210346852199,0.11865433155723817,0.22336740319970727,0.357223253877638,0.6992449886345834,467.09238233026764
378,378,197,22.685185185185183,782.9514083632969,27.47830019053007,4.080149703944037,0.6220095565396362,434.7817461976343,31.765959626287792,2.0452165338742687,0.0009613079624710585,0.21637347442502683,18.876275035971002,12.615090453077421,5.337031142114181,1.2892484788450478,53.48973968061376,0.33103997294573717,0.6697689727541853,0.9308741477488371,1.9316830934487597,522.163769758683
379,379,200,23.032407407407405,777.0943128351557,16.4486802361547,2.7030374731993745,0.4150306332344133,418.7931580524902,19.216367312504396,1.3986524657097554,0.0010147049683610777,0.13773286713524074,11.238333861218882,8.168056271561511,3.287886350822578,0.7608994490554831,47.956627806008605,0.19869253648822552,0.36075069696514017,0.6031573037164719,1.1626005371698376,472.4931163540059
380,380,196,22.569444444444443,781.3684324804674,15.120553336608346,2.386703511774959,0.3149681372382993,430.6360384736932,17.453065061725372,1.203282023393491,0.0009266498706723796,0.1085825288061522,10.170750614798138,6.9927690089926005,2.9961326991307304,0.6673372197467355,48.59542967977037,0.18692080305796283,0.3543381816554681,0.5384397421433728,1.0796987268568037,478.9600573778374
381,381,189,21.75925925925926,778.6734118763075,13.930867738311688,2.2666275271707543,0.31416409175381554,432.94753400153814,16.258428159140102,1.0484565254056517,0.000937883675418573,0.09261192028846407,9.285903130046162,7.028644081552883,2.816223133066036,0.5900753950856419,48.42564315874472,0.1612830974430143,0.32289492159045646,0.5203809403848719,1.0045589594183428,478.29912941640697
382,382,195,22.453703703703702,779.0824027830802,21.607079982846617,3.3643294457312516,0.4862034616988696,407.7032318522564,25.077577039383495,1.6886244767457255,0.0009079918383406267,0.1681210116550465,13.993999388739196,10.808351130589239,4.297810083048216,0.9694999846901101,48.72143783998746,0.24903442435766612,0.526723929959253,0.8093828236795366,1.5851411779964557,477.7568776384797
383,383,195,22.453703703703702,781.478131202385,20.237557729702576,3.3863720305855876,0.5235518134577917,384.4156910019999,23.796623471775995,1.679670747707894,0.000816370782593743,0.17838358988493075,14.198720992232012,9.461264621976355,4.036148888647179,0.9758662293311654,45.959327101554514,0.2437639681406888,0.49801916909517835,0.7187838639941938,1.4605670012300611,450.1525134970821
384,384,199,22.916666666666664,777.5882098850973,14.015777194666802,2.249086277074432,0.3426934747517346,435.60888016209367,16.374038784379923,1.144898776202434,0.0009372228290984075,0.11674215135996005,9.15319459189457,7.0282253455031745,2.790523924141826,0.6480133377601824,48.733508358090226,0.17018311126583183,0.32582962238855795,0.5115792678976532,1.007592001552043,481.32740865231534
385,385,194,22.337962962962962,776.830469009579,19.394355096338096,3.066434398955687,0.45458983973091593,389.4377629404395,22.69413074572692,1.4309590870656106,0.0008257523710298101,0.13925756419964874,13.059528731504818,9.240583054964029,3.922460884133011,0.8256649243924915,46.09713882706753,0.23195828640708763,0.4730382661141307,0.7065222804008218,1.41151883292204,452.01854312123885
386,386,190,21.875,776.5340320678556,21.950299786992684,3.7091519201800125,0.5170055673385698,433.4469245165738,25.653036723894477,1.8943471171585011,0.0008832777954976298,0.1746001839263541,14.134398728309943,11.629947160112625,4.394981049969015,1.018851374286243,51.46544991459602,0.2521602627551897,0.5324120594824095,0.7666248292294137,1.5511971514670129,505.9412258296948
387,387,201,23.148148148148145,782.7556769210803,21.23208931176795,3.4473023552520012,0.5040563114171982,422.5086560300684,24.560087876136524,1.8495500716863773,0.0009418957859926516,0.19256466938214215,15.12554907480821,9.284982846917979,4.283581681847417,0.9109208845371637,50.063253195018895,0.23215132711582923,0.4878179704085476,0.7790491705079442,1.4990184680323209,490.2737524028315
388,388,191,21.99074074074074,781.0456954319912,26.447069944245534,4.045228763640333,0.6099612128730549,417.1760548689879,30.401734486880233,2.1636236066372385,0.0008669030473192871,0.2133213292795597,16.635569072832613,13.698706017626229,5.231809889820722,1.1742689805324422,51.39179734754203,0.32146271131330456,0.6099053039770818,0.9577410630899955,1.8891090783803817,503.05175508195094
389,389,189,21.75925925925926,781.6060763536208,14.869147869384662,2.1237590127188937,0.32394503269647795,436.2729052983698,17.00351295032181,1.1382988046813218,0.0009143661073517277,0.1108218612169667,9.689427879076352,7.5149501362651945,2.948648926392576,0.6162115972653723,49.0137932690401,0.17245784629102337,0.34495060971913,0.496917085222305,1.0143255412324583,483.9374413966529
390,390,195,22.453703703703702,778.6625778917261,19.24802287157267,3.08717774394079,0.4627898824388671,438.5181290886804,22.382730870937916,1.599853477102237,0.0009514926330913281,0.16492340766554758,13.685972850654121,8.816375136044005,3.9137305719349085,0.8107363356779584,50.95323688624204,0.23021357906637432,0.4672729406819167,0.6726794881422118,1.3701660078905027,500.3755868865189
391,391,195,22.453703703703702,782.9887981586646,14.021890679170328,2.203668642204603,0.3415655704263479,431.1003597861919,16.38820674585086,1.0740058663813785,0.000914355364594547,0.10376410104807497,9.876754068959073,6.269925303552014,2.809942270477747,0.6218170116247205,48.264754368321604,0.17066959410492938,0.31310166802733397,0.48825916114927037,0.9720304232815338,475.90809075557405
392,392,201,23.148148148148145,781.4065580104625,28.178291362362252,4.454151063999097,0.7527045409813832,399.2123524320062,32.905718261659395,2.371166141475746,0.0008414375128611557,0.23680811077468714,18.699594606100213,13.295614155625113,5.718826953293077,1.2196970855210103,50.32656845500535,0.3393277136246442,0.6183712963644094,1.0089071619940395,1.9666061719830932,490.3127777171939
393,393,198,22.800925925925924,780.7621208002878,26.830638953055264,4.1100015928565075,0.6457085890307507,432.17016339032773,31.124006239405226,2.1521565074880997,0.00094105725986277,0.20758167956334259,17.902123293597594,12.672261302385248,5.3333066955842945,1.2011194055570293,53.06249609239575,0.3106393742822883,0.639387786868575,0.9529721022313109,1.9029992633821742,518.3508846758956
394,394,197,22.685185185185183,779.1612876260975,18.701127102447312,3.2220200724810937,0.47380564917467505,427.3232177354701,22.052689127418542,1.5373617727816653,0.0008629766868993366,0.14671651296544164,12.950716319491935,9.262287457881355,3.775142885827862,0.8621088510463637,49.68696516892723,0.2262054096428503,0.44526046140668524,0.6839248812572821,1.3553907523068176,488.7127308964881
395,395,196,22.569444444444443,776.6335464521944,20.43462454780227,3.396491101561648,0.5086963407816447,443.6121090584362,23.899048753131005,1.7213257950643845,0.00098346885760133,0.17285064249608706,14.485440006906543,9.31467986577328,4.181147203344577,0.8580796599930905,51.91458424873755,0.24847413574020394,0.4694837605534996,0.7083573303003238,1.4263152265940273,509.5263516638358
396,396,193,22.22222222222222,779.9597207867007,12.169707904833912,1.8794958692778652,0.2691198943741981,446.48169464133895,14.03132151972307,0.9801555794438257,0.0009334345374383167,0.09584211679093278,8.444449997252574,5.543199678915367,2.430115652013072,0.5266849633692465,49.10669855195493,0.14797928302585184,0.2985420588647207,0.41638072464067966,0.8629020665312521,485.2711733211491
397,397,201,23.148148148148145,777.6418609425898,20.05202137333183,3.1348163873376316,0.4642487818189901,382.3642426098671,23.208030161839282,1.6666482559196965,0.0008332437308412915,0.16873829431464885,13.259286407853638,9.843439445362714,3.953993556876331,0.9349121033714157,45.571891102716926,0.22554201554244838,0.46035363978008825,0.6515559936146635,1.3374516489372001,447.12937586270766
398,398,205,23.61111111111111,779.6428315414676,13.955836240922233,2.205431703158863,0.3321420569630086,434.59227639595065,16.24229938914003,1.1247376549592105,0.0009766329616386665,0.11906443014514531,9.726641731311584,6.130339991806963,2.7116914136484316,0.6872842302505532,48.56151301281889,0.1616812596513934,0.2995859389335646,0.4712361506047792,0.9325033491897372,479.0345834890965
399,399,200,23.032407407407405,778.4804347704994,21.075681571923983,3.56369915271198,0.5292629931542034,435.3437786605775,24.682583330921982,1.848542942833638,0.0009249894492367119,0.19034756215624893,15.109674236770172,9.641687177860643,4.210663526712318,1.0026724761288655,51.33023050440514,0.23782839912387302,0.5022369786755851,0.6991724352726847,1.4392378130721428,503.5290821975028
400,400,200,23.032407407407405,779.1068289350396,24.798707082687653,3.907855349508677,0.6153950969017801,443.88090049117983,28.754389157948502,2.14770552616562,0.0009449293579823282,0.22608527761681463,17.021090517523444,11.45730537944339,4.922470964984365,1.158005176317755,53.527064468905095,0.2770341705228249,0.591943065783023,0.884439643137273,1.7534168794431209,523.6231813115553
401,401,190,21.875,776.3134988343032,17.64960317314734,2.691166699881384,0.3825280573885024,406.8306992911255,20.38984157724738,1.2709019212331156,0.0008962550230036751,0.12791166871019677,11.950606004725211,8.317888902451378,3.51233520148394,0.7424893037335489,47.10651860898881,0.20155125557514375,0.4249629041310625,0.5967096504272293,1.2232238101334356,463.13948586155874
402,402,192,22.10648148148148,778.5915476816705,17.54624317079919,2.642726576428264,0.39166524904889466,436.82982063534115,20.213072141527675,1.3447706207781864,0.0009857526002530234,0.12553235309943309,11.235421552839815,8.697463286084748,3.4952247130576546,0.7459018636360691,50.08678042021786,0.1969534565713531,0.4178959211378569,0.6216580856547397,1.2365074633639497,493.2699138257655
403,403,195,22.453703703703702,783.540047804017,23.658067127115206,3.499379941279187,0.55881313551356,430.06068557254196,27.141034378975004,1.9386245574563157,0.0009875932006996018,0.19623165803720144,16.22041254650594,10.964059671237754,4.71662983448447,1.002695225223152,51.6221403132449,0.2625694443967628,0.5551973613887138,0.7911422353404811,1.6089090411259577,505.3461177361905
404,404,193,22.22222222222222,780.9297530244361,13.694184634937557,2.146606761785929,0.3191478484934248,447.53305284575816,15.896268984926012,1.0594885056560377,0.0009784853712796035,0.10622301744333934,9.341432770777137,6.506150042197227,2.722092765448939,0.6103943271879175,49.76175725437985,0.16057007495271858,0.30505103763413277,0.4633074136962211,0.9289285262830724,491.52351674548885
405,405,198,22.800925925925924,781.6787424997013,22.94360233004444,3.757136447735976,0.5476382569665585,393.1186097882183,26.755131294888056,1.8944171057353492,0.0008280807630759846,0.18984300526492406,15.59218357563689,10.857740270391728,4.641588134835508,0.9943596050983702,47.78102110252202,0.27092959544353634,0.5363587619086353,0.8255969479868074,1.632885305338979,467.33377962528124
406,406,192,22.10648148148148,780.6777783709558,16.21377824606723,2.61868737508537,0.36939035014777466,415.682139584721,18.846863940770497,1.347514848054807,0.0008810365137926887,0.12068365745182318,11.302904230733281,7.747945596972549,3.255070232764627,0.7155225353420595,47.54280912078434,0.18622028204557634,0.3890871449618913,0.5841609657162278,1.1594683927236953,468.07794579661527
407,407,195,22.453703703703702,779.2436010567928,25.556570931282103,3.7982737829866227,0.5985245044735115,372.6649268670345,29.497521913720153,2.0253434123522065,0.0008398395249457314,0.21024282050450346,16.56242179669352,12.463591288814367,5.14205123384957,1.0738124532304014,46.64374390984938,0.3080826463470812,0.5993283932851637,0.9281357571487898,1.8355467967810348,454.8672458445539
408,408,192,22.10648148148148,777.7318732736493,20.222537977374014,3.272826048873103,0.4630403324902807,420.6812670711894,23.5249267381461,1.562453463739329,0.0008116914356287657,0.14887786331296943,13.913541691750371,9.575473020007273,4.018029617681936,0.906388538286042,49.49532003404783,0.2453358463292677,0.46657458190143397,0.7442149451738796,1.4561253734045811,485.8327577359407
409,409,190,21.875,777.908062798413,19.180651694688954,2.8658435798831228,0.40317443890140986,429.82536844654055,21.987709127155885,1.4934614882471273,0.0009488270963169694,0.15582468941133953,12.87292292942027,9.023344888626417,3.782664008130163,0.8406529918118123,49.97169380214205,0.23724673278015382,0.46008164281557146,0.6595649216076396,1.356893297203365,490.9165374776964
410,410,200,23.032407407407405,780.5028660254285,17.879962633134145,2.8134388049689463,0.414913910050127,422.93585557428264,20.710288779632684,1.5113626478556936,0.0009154984963279162,0.15163263089971968,11.54372504607258,8.541460100554177,3.5217265365700894,0.8432335572903831,48.862661851414224,0.21472834295898427,0.4229951502672637,0.6232460122648517,1.2609695054910997,480.58576017922604
411,411,189,21.75925925925926,780.9215095445458,23.269634151241085,3.510330155615867,0.48851186757453874,371.85952696791753,26.700495911997297,1.8354534282517971,0.0007620860980391772,0.1720280392356896,15.121040225809505,11.215159029418285,4.592286385717029,1.0148468425845025,45.681960098231514,0.2923058498286767,0.5803250884783586,0.8301289344630253,1.7027598727700606,446.3617947384217
412,412,194,22.337962962962962,782.4566106020609,22.158058398795674,3.578645567791084,0.5324437996091286,440.00707937196955,26.01696431640845,1.6440435435413716,0.0009087072732328717,0.15868538597154178,14.704499016945547,10.734641462312489,4.475339288543082,0.9643962065611593,52.170427204883296,0.2556981584278004,0.5128760662402214,0.789540722915409,1.5581149475834308,511.8293209963602
413,413,194,22.337962962962962,777.8939868418186,12.144214603983912,1.810421358238773,0.265095044879876,445.4312616018212,13.946197709673129,0.9417807781025048,0.0009825784140287458,0.0987281654837066,8.055806347196448,5.756225580130195,2.4059586750635558,0.525469538249915,48.96869751580291,0.13746688771340443,0.27027728201211,0.4398972906045568,0.8476414603300713,484.17397709437085
414,414,194,22.337962962962962,776.6612528263163,28.332788423824315,4.521518794567734,0.7008134870100134,397.85957742359966,32.945395680575906,2.3569571627225994,0.0008851552027558236,0.23025552301930263,19.34309867359803,12.763290870946635,5.721367085240994,1.229886455006054,50.248459453027216,0.3218845177576769,0.7008093173233066,1.031758674124368,2.0544525092053516,488.71718857092145
415,415,198,22.800925925925924,779.2950363530474,22.306218209988216,3.7965287324755845,0.5802259259450555,388.8445385943656,26.258083215784705,1.909945711900789,0.0008673215669960369,0.1791023804208646,14.687212663557602,11.225822555261644,4.557779062256887,0.9823513023799704,47.177411049767144,0.26752413227573,0.5148194461699893,0.8000958297206836,1.5824394081664028,462.2239024205128
416,416,190,21.875,780.6159145027075,12.168782724233894,2.045757555494002,0.2918474376186539,481.1464716933882,14.249105843828778,0.9578616730260552,0.0010476599645980796,0.09583086430493859,8.407033631073155,5.9462047209333315,2.4699571217089145,0.5217125315670389,52.61642023879099,0.14289358019865575,0.3074450224715758,0.43822243900497754,0.888561041675209,520.7831408677437
417,417,194,22.337962962962962,782.0105124178638,19.190053062683,3.0279264339911998,0.44729755952242073,408.09536656923916,22.213215199366875,1.5491837377415953,0.0008790996134278565,0.144250105442082,12.721190850180173,9.477600886462714,3.7881246605268473,0.8765903575444899,47.82705073450837,0.22813230888553676,0.4273586600091922,0.6590355560895892,1.314526524984318,470.12501419711816
418,418,194,22.337962962962962,777.3294522358882,21.80224909172587,3.4941273489854527,0.516424507590593,397.36296789476967,25.41480262133075,1.6966817927636852,0.0008508568727931765,0.17125715149638338,15.056289982185419,10.394826928499711,4.334507416776512,0.9983733319923663,47.7573052169839,0.2503518247193242,0.4917813162842979,0.796966160709918,1.5390993017135401,467.7261682445172
419,419,191,21.99074074074074,783.5045666905502,14.283474189501952,2.1394918518968886,0.3090581054285721,418.77168014462325,16.351794328901068,1.143573101303014,0.0008804137841658859,0.11840470388043216,9.734320769653221,6.53423018648061,2.7897547283281807,0.6533140535597876,47.07901102079801,0.16889769672452268,0.3241988875022044,0.5081967657657457,1.0012933499924728,464.09694915768034
420,420,195,22.453703703703702,780.025428633038,19.396616867156958,3.1593156923208663,0.5169121644862201,396.2060650102703,22.891638692277418,1.5295546090693712,0.000854312501281987,0.1606977673379147,13.61403762890326,9.324188723827207,3.9551216357955177,0.8514433888397576,46.814872073537366,0.235730469686455,0.434343846688658,0.6876192022896297,1.3576935186647427,459.3501023825476
421,421,196,22.569444444444443,782.5567473173725,23.878387372605907,3.7264541194184844,0.5385007762000565,388.8674474359966,27.694208047814126,1.8508954210447672,0.0008684423652128758,0.17540142422416255,16.871277145847383,10.68265430183329,4.721735373142353,1.0813947855663801,47.63040375290075,0.2798736543951621,0.5490407735945496,0.8459040972580232,1.6748185252477348,464.892766025459
422,422,199,22.916666666666664,779.6907888388187,21.130132320714463,3.419896999324975,0.5036553794896804,429.42232077626574,24.541876817151543,1.7994208569337093,0.0009752535599579402,0.19063279018134546,14.469349626044092,9.852378723697072,4.163223662484061,1.004985818559448,50.69981338796073,0.2460521408077402,0.4780887063102757,0.7193700535462302,1.4435109006642461,497.4730102990263
423,423,203,23.37962962962963,778.618956579295,26.284404088324465,3.95976992041005,0.6117869425026373,405.8600133731952,30.355865542201826,2.1122418602342896,0.0008855984812840449,0.22429133110889024,17.37321119532359,12.89603033912824,5.214935654378427,1.1732764289867743,50.2021910757738,0.29951339039833264,0.6171521695954744,0.9001139741171493,1.8167795341109563,490.510280613063
424,424,198,22.800925925925924,781.2728524144105,28.70560150429405,4.402717645658613,0.6735979140328996,411.0206728234281,33.133924740009014,2.4352371924004816,0.0009143362283053143,0.23517523840130705,20.26321321613808,12.294414931406358,5.748012216505351,1.2402869797104654,51.629458759094085,0.3303604057145407,0.6976380518945551,0.9978564821062212,2.025854939715317,501.9164104617903
425,425,196,22.569444444444443,783.0436675780101,17.389344147488302,3.0899950691882654,0.4281473172295712,426.71177499381116,20.544967672009232,1.4335733164582634,0.0009156915743202119,0.1335701686267313,11.497808243847505,8.942425728395609,3.5214789380620255,0.8022416623160009,49.14381049641508,0.21008320856709786,0.42048148932948026,0.6117928230340466,1.2423575209306246,484.2407922260901
426,426,201,23.148148148148145,781.4601418794022,23.15943331231632,3.6623129514922677,0.5904787436906842,407.0450730949312,27.000828004878016,1.8946830687210825,0.0009187093763100911,0.19995336197603028,15.648489559446206,11.090062618495335,4.566499882938484,1.1072775737098728,49.224554405531144,0.25256171986103404,0.5206208060112654,0.8338668927884136,1.6070494186607132,481.92457074118636
427,427,193,22.22222222222222,780.4121105958016,19.764486321803364,2.925298928057348,0.4563514969849662,398.068539645589,22.763496117899003,1.5438356134186566,0.0008180195415624435,0.15462242364518508,13.551404359597658,9.261918878004474,3.9573817400460314,0.8276017772024145,47.01466337486502,0.23673745672932361,0.44990958709584666,0.6660113224697873,1.3526583662949576,461.077009328487
428,428,197,22.685185185185183,778.2514103354523,16.823629337554774,2.623530878364213,0.39834341787636285,451.855785348373,19.486116361329817,1.3707608268214064,0.0009799980672839598,0.13382644843916103,10.95266378981481,8.200085811284431,3.342509349112774,0.7537259458714809,51.35973239907813,0.19263208397488812,0.4091209018380273,0.596900455099483,1.1986534409123983,506.18794716400726
429,429,198,22.800925925925924,781.7487368031582,22.122037066110355,3.845007483205274,0.5833236368048084,409.85900647246194,26.40186613713479,1.727560357850362,0.0008901077748258946,0.1862278946368091,15.963149411932413,9.892627380292117,4.504031692507986,1.0194934400453515,49.24383264698182,0.26017310390278364,0.547006597158884,0.7752541188512195,1.5824338199128873,481.72450548873746
430,430,200,23.032407407407405,782.1438331523383,16.713676163311874,2.6724267696747255,0.41207206456892026,463.52662417053943,19.402140878333604,1.381651652541179,0.0009729871703131036,0.13887931283530877,11.171778607660976,7.755759365218437,3.357342225769194,0.7260986930664506,52.49779629628823,0.19048263639281862,0.4053563814125601,0.5869650551262702,1.182804072931649,517.2704483559612
431,431,201,23.148148148148145,780.5526265384336,19.581928774293242,3.2131300525040034,0.4884488011739576,428.0619285260783,22.91848770085995,1.6471646530301036,0.0009204379251766416,0.17404908844328554,13.9301722266079,8.586118706881583,3.9147502986897087,0.9084942107951769,50.05080567912363,0.225909721595081,0.47546116901176455,0.7021910475797709,1.4035619381866165,490.89898318886105
432,432,191,21.99074074074074,783.408150839312,18.656092484360375,3.0043847640968058,0.4146712461851191,446.794645377254,21.56217386102807,1.5601550302681952,0.0009015210844206599,0.15298726765443063,13.123755428943582,8.191650210119713,3.6459843819684328,0.8886975886441251,51.52126901282454,0.22256478924529863,0.4440318692794154,0.6713222992041864,1.3379189577289003,506.2102626903926
433,433,194,22.337962962962962,782.9993443559626,26.925348262684437,4.0473889953335425,0.6106715836922516,417.851416501108,30.78408905832947,2.2603365172617376,0.0008424237765391712,0.2195254983961538,18.453927852740115,12.28515085695985,5.357769215422528,1.1531507055692367,51.61392140442336,0.3199529266003766,0.607614777405558,0.9673565597890649,1.8949242637949997,503.39061388232875
434,434,195,22.453703703703702,779.2985518650613,18.278776856308554,3.0415078355572827,0.4382909560797654,421.940306227421,21.29128007493192,1.5410008303335019,0.0008445391702901913,0.15970813637218897,12.53392285945576,8.492912336704737,3.679935020663388,0.8078540123722631,48.93675948676944,0.22181764483942115,0.4352962351541052,0.6370138332211343,1.2941277132146607,480.96654453912964
435,435,200,23.032407407407405,777.386674364017,15.453095853020631,2.4535891477376524,0.3834538816747333,429.75976730846037,18.006637875665206,1.2634791599446098,0.0010081967039121873,0.12762853525943907,10.848635096221003,7.058019548025511,3.1072281299451783,0.6765476700137146,48.66126813389907,0.18711619366248236,0.37344326067683287,0.5188527207881878,1.079412175127503,479.3698674815784
436,436,197,22.685185185185183,778.093084073234,22.191630342021696,3.4056069803274505,0.5153605980323842,400.3908548832132,25.529402884131965,1.8761630517783254,0.0009209055379482144,0.19864466247602114,14.826928835838205,10.724502302814425,4.433856738064265,0.9597575614763522,48.171814144634,0.2619271752786766,0.5352338162995686,0.7784490768153725,1.5756100683936176,471.80231097826766
437,437,197,22.685185185185183,780.5728932065405,18.58610651679222,3.1460129359506195,0.41651118644614477,434.03115370095844,21.6278822385089,1.6129773839429116,0.0009349767409977301,0.1482968947998072,12.520969817137036,9.369272995272093,3.7047148701047425,0.858635980413998,50.26911966812155,0.22524760457714227,0.4334087771847489,0.6869278480190972,1.3455842297809884,494.8480839097118
438,438,189,21.75925925925926,776.3014382270782,18.882934648655212,2.8384300676143184,0.4088907921870802,421.61506588551475,21.68445872582644,1.4370735369738217,0.0008797669005663601,0.12634488153327836,12.471248649803442,9.066698887506705,3.742866064322023,0.8026968410097752,49.0337728434599,0.23119308171315994,0.4592421031281836,0.6380796173135225,1.3285148021548658,481.93485490019884
439,439,197,22.685185185185183,779.1367032983703,19.681794174190358,2.9707396666583685,0.44016515289028146,416.8941739501571,22.667161578690976,1.575115133042227,0.0009417288036047398,0.14763698065250552,12.931463736835921,9.689481736887275,3.9163877872423596,0.8449435241198574,48.88420357993451,0.22336509386755465,0.47385201921677716,0.7127085115749002,1.4099256246592322,480.2384670379941
440,440,194,22.337962962962962,778.0761086291141,21.863757361074452,3.367520906492686,0.5411107573798664,391.65504571873146,25.430614358480952,1.7016999193620794,0.0008459270254897654,0.16684074658954953,14.877886370655839,10.277502569233251,4.305201571184469,1.027090914182566,47.1833802319938,0.2643500318473969,0.5231542462783497,0.7252455359535582,1.5127498140793048,461.84998056381613
441,441,196,22.569444444444443,777.2805874432529,14.845440414738727,2.536141570745766,0.3439302654304581,436.37244500585496,17.44002983390981,1.191289624273675,0.0010371114343061733,0.12638999471423124,10.397930358197247,7.02434218816895,3.021868819620564,0.645333431955664,49.14508875144169,0.17743337098508108,0.3748045906405981,0.5268467589988145,1.0790847206244938,484.6273329814717
442,442,189,21.75925925925926,777.5662696548313,16.059997806184107,2.5520404169415505,0.39940973860511847,438.7828389031841,18.819899272798114,1.2166990379647655,0.0009382786091287496,0.10799032637777155,11.167524052431157,7.529726814127942,3.2349570862367947,0.7019940128239063,49.8186974244515,0.19203276426260116,0.4039405489586167,0.6084589730029386,1.2044322862241565,490.6109239800775
443,443,202,23.26388888888889,780.4734252972597,20.28110833550587,3.354583315213381,0.5224910657713551,420.68146345994904,23.837962926860868,1.668157090537209,0.0009365296293137865,0.18288038170267187,13.822512097609637,9.219679730689965,4.077903155892465,0.9351986415654906,49.577191757426306,0.24387901141185414,0.4653821491814329,0.7084139315971921,1.4176750921904793,486.1800397255081
444,444,193,22.22222222222222,780.7944351215082,10.962257992999533,1.7422996240049495,0.255768712781405,417.1450399557941,12.787208044236968,0.8249657017710702,0.0009165029877303756,0.07585417334095193,7.2309808939277325,5.425069387042172,2.1369797730591573,0.5360703069748325,45.751366774560864,0.12911238464083552,0.27173991970042666,0.4100170885299706,0.8108693928712327,452.7032995678642
445,445,193,22.22222222222222,776.6917174320807,17.45076344846714,2.5496313347735606,0.40018292029806807,432.1754703598929,19.927778915747954,1.4157192811918633,0.0009031044553500703,0.13425986889217487,11.428978327618069,8.51226824262086,3.4235124693352272,0.7709496783119884,49.559665534694595,0.19774458598025144,0.40809052452436756,0.6141043022571131,1.219939412761732,487.9813790367488
446,446,192,22.10648148148148,777.8760916950057,12.32758521840378,2.0593348851521776,0.29690991491360386,442.2520878100715,14.463216161810847,0.9609383316375275,0.0010330033001705677,0.08626242434842239,8.257369482102446,6.000537370531071,2.489944962340797,0.5392778272576052,48.775781694605044,0.14079918186322046,0.3026369157267393,0.43108390895277104,0.8745200065427308,482.3516479163102
447,447,194,22.337962962962962,782.9708142175964,13.658557015073274,2.0019026040221832,0.3280613811223151,405.68533470953105,15.780650549586959,1.0475885957295004,0.0008367960080163058,0.10278573454676485,9.1812550882419,6.371330176080424,2.749726495240349,0.565521023176955,45.58221508676088,0.1611664917074757,0.33590304242888264,0.5107437867216618,1.0078133208580202,449.3001084009758
448,448,188,21.64351851851852,780.1921472331306,26.22565842863068,4.021868903796478,0.566933788949895,430.5343036683323,30.09333258182753,2.1662463553718236,0.0009604669586641977,0.19582277714386762,17.267650006725386,12.846956766881538,5.273676634895432,1.0745549896330633,52.66385806752721,0.31653793889363857,0.624093961598903,0.997641533757178,1.9382734342497194,514.9385887966708
449,449,195,22.453703703703702,776.8335087517278,25.832751790319804,4.3651196719271415,0.6855145093646944,422.36426743379167,30.650242353396184,1.9625714324719468,0.0008773719139878169,0.20004894914188612,17.417486177029105,12.957055337520542,5.263220974358956,1.1375863002635773,51.84144564256373,0.32111483258282203,0.6439775141725496,0.9165332457599129,1.8816255925152845,507.30088171698577
450,450,202,23.26388888888889,777.917598022924,19.662898890092812,3.04005196320379,0.409956470631986,408.06142347746743,22.458715231207037,1.7264904055165438,0.0008849311637790059,0.168092666106978,13.149069946856164,8.915216872500798,3.7793836988404923,0.9662224032060854,47.95645167513942,0.21156397827294676,0.4484694791234994,0.668491804230271,1.3285252616267171,470.5178622715644
451,451,203,23.37962962962963,781.2739757453946,19.562340498501154,3.181811241152054,0.48963678130842897,405.1416997368534,22.89702721201051,1.67635384928655,0.0009278838361754932,0.1608393525751019,12.973665666940018,9.595850514660363,3.984734958829746,0.8490762921658339,47.74690595544026,0.21823720805692548,0.44595752854933235,0.6772921752398703,1.3414869118461281,468.8817852330255
452,452,200,23.032407407407405,779.5315962589665,23.10440938452434,3.7869453798760238,0.5857245379629028,375.15841007633963,26.836228210972443,2.0633566376150188,0.0008439780224549,0.18935692632295353,15.817140014253253,10.56717804730329,4.6022203249723805,1.0689775691393373,46.033582519598994,0.26771005906280015,0.5541703269059564,0.802673187973297,1.6245535739420536,449.5882046469928
453,453,201,23.148148148148145,783.0682410376658,19.08782949216484,3.0154829145573605,0.4943445388549367,397.55241128622725,22.190105897706268,1.6191197477805204,0.0008936730616867849,0.16624613758133353,13.325711561194888,8.61123310037183,3.713108711536179,0.9469451500010143,46.76716183344418,0.21851671767789538,0.450437243107948,0.6737245060861826,1.3426784668720262,458.74039911671514
454,454,196,22.569444444444443,781.7947823292008,12.74596780096027,2.011233805871867,0.2848547295741972,472.914421706431,14.751244408470823,1.0164880206075253,0.0010352009019267971,0.09985691438782775,8.57863147300568,5.962927691202787,2.5395904093082815,0.5631420689662407,51.97139668320161,0.15509044605814062,0.31076987069085044,0.4511859080629955,0.9170462248119866,513.8078089814946
455,455,193,22.22222222222222,779.603582007971,26.21449424099957,4.260734151231985,0.588363181525568,403.59589640563894,30.432383874637974,2.0603072009539525,0.0008998287207030779,0.20428018934366352,17.49941947506775,11.975815258943465,5.281465975697945,1.1177667832130123,49.98651971095297,0.3252772843339503,0.6411305130335093,0.8707070128693559,1.8371148102368156,487.56952190114356
456,456,193,22.22222222222222,783.1966938263439,23.02428193740963,3.8357328015649412,0.583900121185233,391.53231290186443,27.055877293206436,1.832029569300797,0.0008755429788964075,0.1649200403970901,15.302303377346101,11.720827447645409,4.612417969894291,1.0501090516600282,47.65500226981998,0.25930334181757464,0.566630542699558,0.8007805528715061,1.6267144373886389,467.03999911449586
457,457,196,22.569444444444443,777.0731454806298,13.067844777058921,2.1785546558405553,0.3328347823161418,457.8003109663685,15.358101497827647,1.0618291565871831,0.001020625617762347,0.10754842116957446,8.410466693673609,6.717675727244987,2.6430571211997576,0.5861448431810999,50.62781847393077,0.15933932209326085,0.3200128989463321,0.4654990977700015,0.9448513188095944,500.7997738932217
458,458,198,22.800925925925924,779.2281460023897,23.05233903481248,3.77686568219683,0.5826881318800627,420.78556844520125,26.92638795733511,2.0638478762333348,0.0009231347876139186,0.1898505820803207,15.785481555028262,10.874702640413084,4.662299073350238,1.0411991276012702,50.63113721729425,0.27230881210952823,0.5533537921337823,0.8223624513365856,1.6480250555798963,495.60469674147157
459,459,196,22.569444444444443,780.0538608192336,19.78854322304606,3.075360143812043,0.44405979308778565,415.51753411014414,22.862847959751956,1.5727514670802631,0.0009124399908285335,0.15642624278174144,13.295367002665854,8.753729488066613,3.8982148719586127,0.8939379463735666,48.77329055722997,0.23842144103256435,0.43292248071940415,0.6938985193958017,1.3652424411477702,478.32956012724134
460,460,196,22.569444444444443,781.8452055584228,21.19169275737923,3.3328734808646696,0.47028838048592186,446.25642636098985,24.388304772929132,1.7111083275727674,0.0010086720136960239,0.1747679819881833,13.816930524301556,10.607918246386884,4.176941338652694,0.955391469306765,52.34205282711142,0.23225060137477846,0.4748518382098466,0.7017100068245913,1.4088124464092164,514.675534234979
461,461,188,21.64351851851852,775.8414679888239,25.005089171336305,3.6549101921740825,0.5020491397388696,401.7035165986142,28.340282103974413,1.968761007768646,0.0008549918402820954,0.19016354430711904,17.28478718529127,11.518259204750231,4.904561629880394,1.0637402420528517,49.22516840604791,0.29583441495086615,0.5718886904617742,0.9080525222225577,1.775775627635198,480.6279634540726
462,462,197,22.685185185185183,779.6244863791604,17.10358014909707,3.015746912211237,0.4485155683348166,425.42609569043225,20.259279191511297,1.4741953864080537,0.0009529684902203231,0.14636454799430992,12.48839261948101,7.462878342764618,3.4803765564170424,0.7903445131826734,48.90742883585888,0.20203373338197117,0.3817946879652086,0.5790206159444307,1.1628490372916105,480.7711788641352
463,463,197,22.685185185185183,776.988351685639,27.273074184380224,4.468439341805588,0.6592704838136287,393.6408384547368,31.947662780523324,2.1958746487879988,0.0008708365358850699,0.21856027855491725,18.456989474768854,12.908852420062159,5.47664127046356,1.2354626398501825,49.455790095837884,0.32403262843105607,0.660305230176217,0.9923134190061602,1.9766512776134333,482.0021986171277
464,464,195,22.453703703703702,778.9404014895732,20.918941471268933,3.3453008799185935,0.5038293912843557,425.14770425442725,24.482231710239244,1.638067586894777,0.0009481073149166473,0.1670951214483306,14.434899353120821,9.445952988951772,4.206703126778315,0.9212573524918567,50.24107365412032,0.2567130811081417,0.5119757407040653,0.7660039123712198,1.5346927341834267,492.3127247252018
465,465,199,22.916666666666664,778.5433572993161,19.117963509276986,3.332359766009394,0.5015789498553499,408.32497573011875,22.595517626541923,1.660809869124788,0.0008295977616000585,0.16506418397118008,13.31006646440584,9.34246701723593,3.821853669868935,0.9346243777226616,47.954202861142576,0.21352549481381775,0.48003500911612357,0.6804724948924749,1.374032998822416,471.17207729630996
466,466,194,22.337962962962962,781.1447560772957,22.90928085640778,3.401788992353272,0.47495926676907496,424.2770935406678,26.24331546313431,1.750847760075509,0.0009934048288018679,0.17544809039805903,15.32109843125885,10.894133887493693,4.4071286365205715,1.0835294761615346,50.73668801560917,0.27292177354325237,0.5194862085759815,0.8057509973338145,1.5981589794530482,497.2166783542634
467,467,205,23.61111111111111,782.5089232291459,24.50383383078064,3.8273973641290873,0.6762150988875315,436.07652162507947,28.837870235772108,1.9348585273774297,0.0010359482875234012,0.20159223207516527,16.720450118956855,10.857235188157935,4.885610816250913,1.1483685019278222,52.64385677497801,0.2805258813480279,0.5213295623381291,0.8703927721116339,1.672248215797791,514.6227875845234
468,468,196,22.569444444444443,782.2150158988917,22.45064112415652,3.5115147086205227,0.5515337158131594,439.99619853542845,26.170870107717484,1.8302402298678333,0.0009470213109115751,0.17732874077138094,15.123173862306142,10.637413292889422,4.4538770602777795,1.0475961626849644,52.25385037035818,0.2605564816693379,0.49805018687108915,0.7798575176321245,1.5384641861725517,512.366624885711
469,469,198,22.800925925925924,778.0612500345001,21.1506650473867,3.6321559238840386,0.5395510659773574,448.85865569169624,25.021950784922687,1.705542361782975,0.001055122242098153,0.17005280119765803,14.583418482786296,10.055646981809913,4.287296434880946,0.9629664799306258,52.74968383196939,0.2547250869262369,0.4927026671245791,0.7631444982204758,1.5105722522712919,517.8961109479826
470,470,198,22.800925925925924,781.8933785394679,27.059701322124454,4.538104161375695,0.6195555596423293,397.52146037692074,31.6345045593577,2.143278768072572,0.0008946270837168239,0.21817417759435073,19.312453740496352,11.95041447927184,5.379251371201535,1.2550800121255772,49.714404781029955,0.3135146204095521,0.6274564738663648,0.9437477778402155,1.8847188721161323,484.20513828688655
471,471,196,22.569444444444443,782.3711117481979,24.88856056885125,3.8407208175674303,0.60605903193712,412.24023957359424,28.767929437424495,2.053797092699738,0.0008721912685643258,0.20044351687192472,16.084512708899204,11.926676163664489,4.909346534048779,1.1431821760567864,50.34461014519334,0.2853377218676748,0.5647030471115204,0.9051150517578331,1.7551558207370284,492.33298292472176
472,472,204,23.49537037037037,781.3365710520918,19.01010588804899,3.0689622629746784,0.4876856258301169,450.5435296719915,22.149013061113415,1.6813262551503791,0.0010071198937542899,0.16612011339814217,12.808052522778205,9.173307925368174,3.798609398913751,0.8851344402739844,52.06142071126928,0.22043199931378965,0.41616464404914283,0.643140678084008,1.2797373214469405,512.2445390844039
473,473,189,21.75925925925926,775.9562532472202,10.858285055828867,1.8060988899889636,0.26166132207460563,479.08739952720146,12.767822040737752,0.7978851614365295,0.0010019220228319737,0.07432693019487359,7.367887461656774,5.032620473752345,2.1780325893769343,0.4840535715131915,51.916374756998174,0.13905867641117484,0.2707348855707234,0.3772371586393579,0.7870307206212561,514.1362182047496
474,474,194,22.337962962962962,781.3278578465012,15.850202960644456,2.6477026585081522,0.3772176344937749,442.92266537014643,18.52191977657079,1.2997659259818055,0.000924671503586683,0.12846866724674294,10.867070543519054,7.894831348310544,3.2147542659736703,0.6838379006531569,50.14066978107973,0.19268563337961744,0.37463881676219724,0.538102160081861,1.1054266102236756,494.64771779025676
475,475,194,22.337962962962962,781.4215031456707,25.74896548704792,3.995636017435839,0.6073398213583745,417.8584080094653,29.90247677712785,2.008916371272397,0.0009039450367056836,0.19151273430226456,16.9521607535861,12.561105686630379,5.196326243607235,1.084238439864889,51.244744622821074,0.31523303274710696,0.6278104156445332,0.8855704597829713,1.8286139081746113,500.9844434413237
476,476,203,23.37962962962963,781.4129561113511,10.466076388300978,1.705961119353775,0.2387108421326102,468.7328884094632,12.175647151826173,0.8420379989485404,0.0010682025868162257,0.08776556602062041,6.8901740447076305,5.041376908123299,2.037710361760534,0.5132000583399737,50.708129065218955,0.12066373912624631,0.2455573611746417,0.3529369764931385,0.7191580767940264,502.56160108365054
477,477,196,22.569444444444443,780.5319038195436,11.724894918622647,1.839287864459686,0.2640887271852798,463.73527677798063,13.550496402497886,0.9111133242861851,0.0009900932340246914,0.09135453444207424,7.719927917348311,5.549948824631803,2.2898999896783883,0.5480084493719068,50.657037922898176,0.14325361820549054,0.2726402324280365,0.4117192226620877,0.8276130732956147,501.3329729796862
478,478,194,22.337962962962962,782.1552902296721,21.377417287738567,3.506666366868727,0.5268529364117661,381.11795466699033,25.00852716151896,1.7386017375468483,0.0008346443597795923,0.16107356807047044,14.122540676963695,10.711887581961722,4.356233822795071,0.9088882311325749,46.0092180745179,0.24294736924915822,0.49190647470219384,0.763809262464911,1.498663106416263,450.91360111181103
479,479,195,22.453703703703702,778.2018110574396,20.51701137462842,3.1929679224880303,0.4744977573325549,381.29996143169444,23.767587997463824,1.5716725119195663,0.0008658733777446899,0.16043509644969808,13.497446789431624,10.022261866517452,3.985024140305292,0.9814111631455967,45.62083130661425,0.22761624035935804,0.4861797520803335,0.718624378866613,1.4324203713063044,447.4061175066289
480,480,197,22.685185185185183,780.9917371813591,24.971140345160066,3.922785739874382,0.6119045723444648,417.33250609165407,28.884956152105286,2.1201139710147245,0.000880656160270058,0.21410234680188864,17.09281643676088,11.247420421486737,4.936813593219909,1.161191493398048,50.90219571385452,0.2957979304482994,0.5603093617751439,0.8827593246103255,1.7388666168337688,497.1426820000537
481,481,196,22.569444444444443,778.582453514466,21.478558370439533,3.440899895455165,0.4764714370324521,422.50861099672187,24.935931972319924,1.7312729625365773,0.0009885886657611546,0.17876292234449,15.405508456087738,9.503071504881806,4.285755505670907,0.9594561590579551,50.15281480088535,0.25515305067182764,0.5215260372150319,0.7654003043565898,1.5420793922434493,491.0418597073699
482,482,194,22.337962962962962,779.1949327163021,15.633170334847502,2.365149174012843,0.36952100663247,411.1057407758989,18.082754974466088,1.2233869356999474,0.0008933194803552325,0.1195247508956739,10.411266669943169,7.7000937360075525,3.1431381824651856,0.6546281710839752,46.8384595336048,0.1880876549161588,0.363330893675805,0.5601028725625624,1.1115214211545261,461.509522782645
483,483,195,22.453703703703702,779.7254224207227,16.70700476147988,2.8112931890013875,0.3878182344204837,397.99463991447516,19.450291539702658,1.433714016484568,0.0009053592531009855,0.13771416155513996,11.391278295972175,7.466541759660934,3.3163358269359073,0.7822549285404257,45.9647377896986,0.1912508421086095,0.4040372362344062,0.6046590932532638,1.1999471715962795,451.68846086310595
484,484,195,22.453703703703702,782.1073313363959,21.811147780878564,3.432336081535223,0.4979346077469451,392.82182428454314,25.14621614662193,1.8175677183435268,0.0007887618538862541,0.1697607306803969,14.991920166757575,9.39230734864372,4.397786463638809,0.9025618893437594,47.272934785238235,0.2486812049353134,0.5029153586014211,0.791704120443537,1.5433006839802714,461.9335324978102
485,485,194,22.337962962962962,778.7676713969577,17.52949262435792,2.6383498481751784,0.39184645671545815,462.60961422528004,20.199113468924352,1.3070307250246933,0.000960699419579413,0.13322297260948388,12.131451243916786,7.8348342847071235,3.452835019595321,0.7695098499175342,52.63221398933581,0.20010947976204113,0.38121228442293875,0.6185522808427821,1.199874045027762,518.0666842197545
486,486,194,22.337962962962962,779.7312112666287,26.77338450876079,4.6351357724107025,0.6282168940139626,371.0361986748978,31.76643710984635,2.002677316587966,0.0008263423648264747,0.20362874733100858,18.634454420003983,13.048243490336935,5.432075378278436,1.2068663109949285,47.03477652860305,0.3159321775969293,0.6432867786365991,0.9040432285053448,1.8632621847388733,458.5969527305626
487,487,197,22.685185185185183,780.6843035738234,15.295638536441125,2.3631770788175492,0.3777969346508126,434.4745751993037,17.809740063972832,1.2177105616670039,0.0009503888559769599,0.117340849009736,10.388123805628382,7.004312669568497,3.0680441818507638,0.6711439526357637,49.06902462505951,0.17165050726699888,0.3588377845873824,0.5386484263228913,1.0691367181772726,483.4695671349509
488,488,190,21.875,780.9471475927219,13.94471573957279,2.286979633071653,0.334789960009794,443.7932697599753,16.231218401010757,1.1535388431443048,0.0010234888711387793,0.10998282115472666,9.372790477460146,6.52981930531382,2.8080854766621677,0.6110988921561127,49.52046508874758,0.16430860895190103,0.342633101358851,0.48542850173313884,0.9923702120438909,488.7968925329864
489,489,201,23.148148148148145,781.1615022155164,18.090218057727572,2.8050538430654055,0.4508135098814214,403.4057986202981,20.87649126567227,1.6394427210374227,0.0009190892856743032,0.16304033421712325,12.611128704830922,7.7996829592749055,3.640975497439335,0.785080152789204,46.99188729660584,0.22232020272032554,0.4083269936407162,0.6306557690169207,1.2613029653779624,460.9188190160664
490,490,197,22.685185185185183,778.4439989416994,14.493993545000754,2.213592796026023,0.31812860767683626,439.7932584799295,16.615277831646765,1.158184232131689,0.0009699538532532524,0.11898892252328253,9.458875959137018,7.015044405034614,2.8222892125359214,0.6653968760571345,49.26104988739676,0.17601791178308138,0.3400818008754435,0.528259670101086,1.0443593827596107,486.2594842451754
491,491,196,22.569444444444443,778.319058316485,19.6181332277518,3.0829968046107457,0.4709758415905388,404.6499099714499,22.68959264435746,1.6494287829349967,0.0008306723194437579,0.15282850832097405,12.90434253205448,9.885463456116737,3.880664684933115,0.9044997178442763,47.666287339270795,0.22513497402703395,0.45088725913207617,0.7007008473658466,1.3767230805249566,468.3620473927549
492,492,205,23.61111111111111,783.4637954280629,22.742829492317075,4.0140361153888096,0.5744816798052303,409.6972077991638,26.979503660660104,1.9230958977220158,0.0009404237424468281,0.20191628298284084,16.565285030039167,9.73998258456267,4.545626958323993,1.1287306445366194,49.442183790313486,0.2814669072868706,0.5314947063360375,0.7743791691188682,1.5873407827417763,483.1356923219473
493,493,200,23.032407407407405,777.698212915456,20.180053048936546,3.5972124222448714,0.5362059938764241,382.05414106920216,23.990870774222973,1.6668984318762834,0.0008071853984658822,0.17875854372711217,14.182920673283812,9.297956686951586,4.1326896873633405,0.9185024242038242,45.74823644070533,0.2354544197896389,0.4850111971170197,0.7147614052881796,1.4352270221948382,447.9893232901984
494,494,195,22.453703703703702,777.4705711481434,16.80103134560847,2.7906656929564053,0.444919764238842,445.50170754321,19.706532104071908,1.436646758699363,0.0009167217767851349,0.15391808761735307,11.49162361069298,8.394803538976849,3.3996595586843115,0.7552174616412702,50.79421833254814,0.2037349623755141,0.406196622182691,0.6296666679894072,1.2395982525476121,500.6256168300292
495,495,193,22.22222222222222,777.8506665120957,18.057284175877538,2.774289699577185,0.4150174575272224,446.0187102969266,20.836696519256176,1.4326669985280256,0.0009383919159145133,0.13292347629558643,11.94597684645252,8.872029176995943,3.5578038141508173,0.8087190235038838,51.19091257951337,0.21487885563818082,0.43317765297505645,0.6149443840481522,1.2630008926613896,504.1700799232163
496,496,194,22.337962962962962,780.2196925067154,13.248975098255912,2.1226417987659594,0.32881514782008964,456.2769367733193,15.507862887484245,1.070933841348754,0.0009737475513734907,0.10288173787351297,9.092325826403693,6.493547979289326,2.6199446995184976,0.6338358217437374,50.51570675502806,0.15831006486351049,0.3193474880441698,0.4597213762083937,0.937378929116074,499.3447284620867
497,497,199,22.916666666666664,778.2668747218293,23.63677926646049,3.781288237501615,0.5849226397761249,365.11777111244464,27.758978258688803,1.7969040074605114,0.0007567817884547118,0.1721690460428476,15.927247097035607,11.377234432208324,4.702226300866692,1.086812733855219,45.20705681533056,0.2809397387396102,0.5430341383583054,0.8201556462903741,1.6441295233882895,441.65997234048194
498,498,197,22.685185185185183,777.9442495446737,15.319464711163363,2.2295733610593156,0.35608449445993284,461.4057648867564,17.544309482618775,1.2556097122342995,0.0009772354031941561,0.11448137718697735,10.82261764842777,6.6674327727618605,3.030868670422512,0.6678078302428796,51.71907519104826,0.18356277892018844,0.363016694497024,0.507589407161248,1.0541688805784606,509.64654341488796
499,499,194,22.337962962962962,778.7042573364946,19.8405915834337,3.208229846343581,0.5284786490956557,387.2792763011966,23.40256651702438,1.5273030522207796,0.0008623690978429863,0.15225786033497313,13.948413074601874,9.25771750588042,3.959218196542596,0.9344120566094468,46.084752086746036,0.24375323293047813,0.49096827572149043,0.7172028705327622,1.4519243791847307,451.5428383169648
500,500,197,22.685185185185183,783.4112913258767,14.233716013114057,2.2560281666138438,0.33385004882837377,410.5013120400557,16.590724425859353,1.087994750810256,0.0008672112501783528,0.10991555758012744,9.900825886110542,6.4385652662419055,2.842671023651452,0.634461944384892,46.28136930489558,0.16310846348662913,0.3334072195552902,0.5057071398133652,1.0022228228552845,456.03232927124543
501,501,198,22.800925925925924,778.9048334791989,21.019395129965787,3.4845645606261146,0.5263489038854428,381.9438181027512,24.5633880891695,1.7722401177675187,0.0008406197631161068,0.18370058180148194,14.537389568682563,9.500322125264624,4.223317414607304,0.9527679538307164,45.96314126369452,0.24797579514092258,0.4981979631516922,0.7409007022673672,1.487074460559982,449.65777805999284
502,502,200,23.032407407407405,776.8242613022335,18.623814401304518,2.906927572603861,0.437833432278229,415.0636837058576,21.634336734798783,1.4646332719766364,0.0009853482239117013,0.15645520615914899,12.734323366263883,9.049109751432281,3.7031967299530804,0.8357522014420165,48.326796249658294,0.21139838275707057,0.4406097686965372,0.6179842956584717,1.2699924471120796,475.1467208031423
503,503,194,22.337962962962962,782.7447721134706,20.984312711934617,3.1874277254377037,0.46089608094618606,400.0636126472372,24.160408838318297,1.6112588558804242,0.0008616241240556134,0.14542902133477295,13.74866180036322,10.193677922072366,4.15757341459593,0.9073348013689824,47.64690856959724,0.2512562901684031,0.47839701024228654,0.7164309956957876,1.4460842961064773,467.31887793935704
504,504,196,22.569444444444443,777.5548932778551,13.464647081826874,2.209728329249459,0.3564667726977157,440.96407086785615,15.803370950872061,1.1121513036958692,0.0009613288635305823,0.11015998909496098,8.944402591510915,6.533307500072151,2.707759013412144,0.6170734711869229,49.0805605047377,0.17110162776785143,0.30591706357270815,0.4710304758422673,0.9480491671828268,484.8277457760107
505,505,196,22.569444444444443,778.1147706231443,20.90311472237047,3.2272131824945918,0.5083103405274211,425.271009280163,24.228581231373138,1.6793588489347169,0.0009196485624937206,0.16682931511954915,14.35408579786213,9.888528769467593,4.17723317160295,0.9214055789221354,50.20025110523521,0.24983577682874056,0.48467787556904657,0.732758936865168,1.4672725892629552,492.4397766788011
506,506,192,22.10648148148148,777.3290391295798,21.75766790315073,3.5312872696117164,0.538576217141777,411.5516008167296,25.376731895830527,1.7929012695297788,0.0008882260642651505,0.16877211247488444,14.384314031798542,10.59466369914748,4.368482910367992,0.9730585165609555,49.200375534408565,0.25051529387781035,0.5306853063295978,0.8185182952216101,1.5997188954290182,482.25434973203875
507,507,203,23.37962962962963,782.907206449585,15.523072769134432,2.4894928049990135,0.37275034285813874,449.8397541509238,18.087017142812137,1.324445119195093,0.0010614966219084357,0.12637124743491895,10.765103956055068,7.3974147286923655,3.1184079451124207,0.6934764767219275,50.70860475387368,0.17194463890072356,0.3575147169539061,0.5627759169741788,1.0922352728288085,500.065499497335
508,508,194,22.337962962962962,781.6119909348776,21.062842776836877,3.4446214679217757,0.5027748117403281,446.5238921682901,24.574872751847874,1.701579615968116,0.0010379089674317778,0.15328768280438437,13.735458133218511,10.492365218805014,4.225320983754555,0.9375835115809025,52.4115377852133,0.252613601856945,0.5197124016429014,0.7124006491217839,1.4847266526216303,515.1049055511389
509,509,197,22.685185185185183,777.0264022838884,12.698038594391098,1.9310499769930132,0.3188534074315973,436.3465246106167,14.67984790404867,1.0647309874265192,0.0008721263373907829,0.10387417760137913,8.897841975510477,5.463851516365078,2.532126925503214,0.5658913786402799,48.30547793566317,0.15461685133744424,0.29468611827732544,0.4688888819576028,0.9181918515723725,476.6238534569273
510,510,189,21.75925925925926,778.4116413128893,23.141542498497447,3.744393597201941,0.5482966001431117,429.44051518023315,26.76555369480786,1.9260655384938428,0.0009467020095443504,0.1787006216071124,15.84545833053875,10.923444163376388,4.592170717958724,1.0494818949710003,51.470680596640925,0.281522402567568,0.567820137638818,0.8804217502122298,1.7297642904186157,504.04087549971877
511,511,203,23.37962962962963,781.7427751175159,19.862087514646205,3.2352886790617585,0.46338051492826327,457.5606869264427,23.22087743648744,1.6030757684006784,0.001074120958308167,0.1664840120345288,13.09338678890086,9.516323869147325,3.9369377938674344,0.9292082581595921,53.06654002759589,0.2321475124389677,0.44800634437464976,0.7080780567014313,1.3882319135150487,521.8836568076493
512,512,202,23.26388888888889,781.8220677347668,17.269955580441096,2.9739563710279118,0.45619536153179513,418.7421681191214,20.392493926776446,1.4849961558472566,0.0009262162536215835,0.14080262347377526,11.625845535881332,8.145968721411121,3.491389047152751,0.802418393589838,48.29077306258629,0.20108879649123693,0.3931636169004467,0.6049998650551163,1.1992522784467998,475.10052279507386
513,513,197,22.685185185185183,782.9584830159904,12.5880475851031,1.8602879266122048,0.27504057215923416,449.64625053129544,14.43909785994171,0.9784669116054894,0.001014380884881751,0.09514324453800165,8.398544203832822,5.765201582802273,2.485159266560082,0.542475584431153,49.537702057773636,0.13955320104259736,0.28003858458718944,0.44900638146884714,0.868598167098634,489.54478361303217
514,514,198,22.800925925925924,779.9028945439788,19.040553279988266,3.1619455506063154,0.4825424107020208,416.51798057610546,22.572448346721398,1.4534873203564729,0.0008447511213451682,0.1503794370272386,12.666096409454685,9.251116976233792,3.837189300200388,0.8815193993699212,48.73168386013757,0.22238707044343908,0.4412686814786901,0.7215617479502553,1.3852174998723843,478.73522484830505
515,515,197,22.685185185185183,778.9384373799556,19.802371433779452,3.3943240043702194,0.443518444909127,448.5856394613447,23.30358399589747,1.5523587876428395,0.0010074398555693163,0.14744942670109365,13.248686380411502,9.774149449857966,3.9616408253854605,0.9228877221869737,52.178835516470265,0.23805387391380006,0.47082816730842697,0.6714388054002334,1.3803208466224604,513.2692518385535
516,516,201,23.148148148148145,779.2371369997765,25.111692890944617,3.7036861327525776,0.5652954069760324,398.57346852293364,28.868434737406826,1.9555056771052215,0.0008989219701565493,0.1998119691846653,16.992179491088017,11.500393193072199,4.874458515203189,1.1697979740955993,48.96907815432316,0.26390806914531567,0.5632523575156878,0.8586138873891092,1.6857743140501127,478.20921825569485
517,517,194,22.337962962962962,782.5888641868407,23.33611118672759,3.892117174376972,0.5297725946946796,426.5250241062477,27.352015211930627,1.7814790560734457,0.0008722288582850481,0.1755138431403746,15.936356623769882,11.07810998320249,4.703340120443943,1.0315414886926622,51.286943548544706,0.27984597275782874,0.5729148500074736,0.862234359387935,1.7149951821532374,502.12089217654193
518,518,193,22.22222222222222,778.6137574527287,20.020658185114886,3.3252285534986408,0.4326579512871771,391.1483720087604,23.29701678893121,1.6004571981369957,0.0007615154776512155,0.15241686666978133,13.506866507216351,9.543133370814983,3.9849224203720053,0.9088876738683063,46.48203302943442,0.23677241947648048,0.4768734055633152,0.7145963440710108,1.4282421691108065,455.84275470204295
519,519,199,22.916666666666664,776.754471191294,19.71783386510849,3.1047984185322868,0.46535058319915545,403.082598292728,22.770325441447625,1.6573992860437001,0.0008757133115287577,0.1803128382479998,13.299029396018652,9.080791309326283,3.8944399314247287,0.9150420877159079,47.541333240169074,0.21667163256710795,0.4627706225862842,0.6896729122550527,1.3691151674084447,466.2388829344942
520,520,199,22.916666666666664,782.9812169753595,20.345328100975667,3.4205842108826867,0.4888883212070055,427.6719253800102,24.030744723654145,1.5748113795100418,0.0009314849461979954,0.14545323417089312,13.864068772624975,9.786322468512049,4.1284011905297975,0.9075670206747304,50.30523881818744,0.23764911081455573,0.45706431692787086,0.7220903870585357,1.4168038148009623,493.91776132987434
521,521,195,22.453703703703702,779.8003411837608,18.966364305115718,2.6949418794270645,0.40895306382008134,402.50720321301543,21.570861798897702,1.532019929222925,0.0009333957632459695,0.15039403976979088,12.462236926761237,8.972909874180226,3.71670788954061,0.826380859677991,47.12458357637384,0.2224082806226971,0.4379525824971264,0.6552090621593378,1.3155699252791613,462.6632401737099
522,522,195,22.453703703703702,780.9299374614171,28.422755919988802,4.236356342700169,0.6364079932899546,425.1742378652314,32.6162110822731,2.2871130008554204,0.0008416795778224017,0.2219406831920903,18.635429654166295,14.044307284793122,5.613547618933981,1.2486740929657263,52.89364392189997,0.33282809611088093,0.6740457181087576,1.028649917532599,2.0355237317522374,516.5379172955539
523,523,200,23.032407407407405,780.340405372635,22.603961925898453,3.548209532471545,0.49660523973379495,428.9615562204413,26.03123549383976,1.883836275345781,0.0009340325711969974,0.19681596694715336,14.971885397462161,10.805093714792347,4.526679813404861,0.9590988001277876,51.14713857777776,0.2652709029439989,0.5263602801665412,0.7380904823777419,1.5297216654882821,501.5437486810623
524,524,193,22.22222222222222,777.6091367251859,20.345738729179605,3.299950672702567,0.43612429191345514,409.3387924807026,23.45944679138968,1.738809679263806,0.0008806267791872005,0.16564581876172257,13.307903607879966,9.518223815852373,4.077375909832069,0.8787586764993597,48.41259289189593,0.25346656775126347,0.48928762836548606,0.7360493935083424,1.478803589625092,474.73855108250154
525,525,200,23.032407407407405,777.4823957084615,18.50261711022174,3.09511139078478,0.46431798443075967,423.4133516887357,21.63865467896562,1.5265962519356955,0.0009184940051417047,0.16477187299974022,12.612958166159592,8.452791075680226,3.674344828952858,0.8811586711967908,49.17443019810307,0.2114269473859304,0.44269923496174424,0.640812660251336,1.2949388425990107,483.1095728905081
526,526,196,22.569444444444443,781.0129542410723,17.06903915289203,2.957047703372428,0.4290657748221042,435.57716887186365,20.174563796890073,1.3664168055002202,0.000883926126185054,0.1411243591343345,11.536763260163852,8.737841480012614,3.425031921643291,0.8055145472988497,49.89342202427953,0.19980950302443407,0.4082006128615323,0.5988224685438173,1.2068325844297836,491.89053092398547
527,527,193,22.22222222222222,781.5554611125242,22.97320989170851,3.8676372635885707,0.548005182121445,389.4832808905434,27.05984676525532,1.8045283951910178,0.0007964533303465741,0.16380819752717013,15.627283951014006,11.456668270700277,4.651090604364886,1.0220477176159637,47.449886860005606,0.26590469931317334,0.5342511001701873,0.8092365029395393,1.6093923024228998,464.64031193436983
528,528,197,22.685185185185183,778.4076956626732,13.940781543466441,2.3334816164122056,0.36647533231760465,444.01510287429176,16.362751247093804,1.2296991475682892,0.0009974899184604432,0.1164909225889058,9.957516443140326,6.154691386018334,2.814577306089319,0.6431787920876142,49.57530987404748,0.16325352676186644,0.33283361581136645,0.4795653849865119,0.9756525275597447,488.95388018541246
529,529,191,21.99074074074074,783.0336533397401,24.039894994116285,3.691954861463381,0.5608329318726706,416.9465097031061,27.567476569864468,2.0249174127589264,0.0009277117744418222,0.19336577371603492,15.890277572987593,11.536547965777215,4.805971272691481,1.01372167424789,50.49465854465289,0.2879717133354876,0.5951619713349385,0.8633060971213208,1.746439781791747,494.1285606531807
530,530,200,23.032407407407405,777.2878598464819,26.729968879829105,4.083431124492077,0.6277652667783975,407.85786978418,30.877901432586857,2.206632052024707,0.000966204252543597,0.21743605254994663,18.568218375245703,12.090584088624237,5.281864076197975,1.2149280926533215,50.5744048690836,0.31620242666081183,0.6175043783346802,0.9415320854026299,1.8752388903981219,493.0645859445673
531,531,197,22.685185185185183,780.7770373984641,16.192651234095965,2.671527836077465,0.4033410148791277,408.7173266070391,19.04910815369138,1.3034828345071792,0.0008814400842909976,0.1354463231099352,10.872186871752822,8.157165075178698,3.2001408873753947,0.7977104514587793,46.86716994215519,0.19927336642067217,0.36292038410180977,0.584232974348752,1.1464267248712339,461.77520858236863
532,532,202,23.26388888888889,782.867085820808,22.113933368729256,3.45482651629856,0.5046170933202916,425.6839436559676,25.515994769194435,1.9010800150030898,0.0009129706373025309,0.17943761124010757,14.925616482248554,10.015639335796351,4.362888233901262,1.0183896767093723,50.65810613466292,0.258277078642538,0.5069582518227054,0.7409480682699091,1.5061833987351525,496.2578466455329
533,533,200,23.032407407407405,781.5710534280198,20.847267531584144,3.245322599153987,0.5047528684485431,398.6876229981087,24.013634540786846,1.7999138330499487,0.0008975195285143137,0.17747800066918684,14.68935535321197,9.245834275495344,4.112070338995332,0.9505945411334481,47.504134749575265,0.25327223948654126,0.47222119074107527,0.7532363166730148,1.4787297469006315,465.06411879385456
534,534,193,22.22222222222222,782.6692334849278,13.287231328358262,2.0478232429325534,0.30044655541719095,446.02453747993053,15.259897627018923,1.0902361669389766,0.0009449865142140644,0.10070291065287718,9.173981609443612,5.9212158098068715,2.6511720192495107,0.5604010979152386,49.45473741326346,0.16367550165009653,0.29937771003299324,0.4823631982254905,0.9454164099085802,488.19002563464375
535,535,199,22.916666666666664,780.4813453201843,23.213477936073936,3.5302761004885,0.5871774807487606,400.69883671127275,26.903798246759894,1.8782333970382494,0.000889602616458204,0.17372301105590826,15.273683456074542,11.341486431274143,4.65978569687521,0.9963284982103353,48.581385178430445,0.2701472699549996,0.5707053858210759,0.7774489157700667,1.6183015715461422,475.60231468396023
536,536,194,22.337962962962962,782.2048786686455,25.389766420231016,3.989702687911858,0.6348775072973228,413.45799108428974,29.723523090158757,1.943210118906456,0.0009430740765093294,0.18438101284225838,18.15702740520374,11.673711249970895,5.129214362889423,1.0978150893150467,50.70664523368789,0.31032925465117345,0.5938119486871698,0.8984043452414631,1.8025455485798063,495.0276812464691
537,537,195,22.453703703703702,777.6722196705687,28.38070663994265,4.371814236518721,0.6681289212637088,422.01275870439775,32.78206855163793,2.2371448256167468,0.0009899484602999805,0.21538465639152737,19.521274018906336,12.77294548515724,5.598821629784524,1.2791864999203815,52.5955982300008,0.3286207542474522,0.6968610134293738,1.029801765237867,2.055283532914693,512.3752336320061
538,538,197,22.685185185185183,777.6429662677248,20.630062382744295,3.458186716440423,0.5184334413525724,408.9028570408419,24.237139901845314,1.6965174082342718,0.0008635475321727843,0.1626617790617083,14.276609402916115,10.052667568965568,4.14786212969651,0.9403602062098991,48.51853283281813,0.2504595824049342,0.47144247824433255,0.7236087107237463,1.445510771373013,476.19312289429763
539,539,192,22.10648148148148,780.6241762743158,22.41915543466051,3.2486841397412753,0.47873525779926374,426.99609045447755,25.638350178961396,1.670703445697641,0.0009006740477869887,0.16276722967399754,15.110216144013462,10.347551824976186,4.366770401700166,0.9906061607128298,50.81608514806125,0.2650541879515163,0.5250025190595656,0.7771675255175332,1.5672242325286152,497.88753943497727
540,540,190,21.875,779.972089306773,17.236839034575056,2.4936160778311103,0.37237000354424427,430.17759302946894,19.73084656473998,1.2990962494367835,0.0009430549130860431,0.11759659405935288,11.787844888361859,8.093071686044754,3.358443548268522,0.7751623288963423,49.29184343576704,0.20115055359708378,0.42235634031981556,0.6395062945612054,1.2630131884781046,484.91859136025624
541,541,194,22.337962962962962,776.5996305163286,24.98865103347085,3.885027546174845,0.5673846452283333,386.5925711450908,28.887591502343824,1.9976215648419486,0.0007723465637774904,0.18308379281158382,17.185772739588085,11.619530028966665,4.934180667933562,1.1343232634536047,47.804494303871444,0.2921483055292566,0.5779902063253884,0.8809771082305594,1.7511156200852045,466.5418531569651
542,542,201,23.148148148148145,776.8854923992317,19.803314458499475,3.4396092080618157,0.4838219605103748,444.64196208485686,23.424525669876097,1.6840977123224177,0.0009986337943186465,0.16074020840655162,14.017831496748496,9.065605519188024,4.065055747537504,0.8730460567144351,51.85895255928597,0.23794450781487317,0.47851704493004915,0.7269417827047361,1.4434033354496583,509.0861805952175
543,543,195,22.453703703703702,777.0097619918522,13.047634718932889,2.028531818488838,0.31884504415781495,457.1847956233348,15.20709228552213,1.0252804481752766,0.0009612064943687177,0.09458763115414814,9.276207764695394,5.886723557469235,2.6114293276895344,0.5813998255036885,50.523058200022874,0.15606235517726347,0.3057515371266415,0.4684467519472207,0.9302606442511256,498.91754213117383
544,544,195,22.453703703703702,777.288609202124,20.67897549097794,3.047208798828726,0.456180708799826,458.3786958094367,23.576153734838964,1.6855760330678136,0.0010315688742927327,0.15803365611320572,13.505987404334594,10.146637562581024,4.079247651828407,0.881016923558597,53.33015691581505,0.24387934129654498,0.46258913777294414,0.6999715524049881,1.4064400314744772,524.49519797038
545,545,196,22.569444444444443,780.4711546065628,26.551253263449404,4.352958824595182,0.6540345390106248,387.7552642382036,30.95780556022215,2.2580309461973282,0.0008263734681667738,0.20375306842445995,17.531995887521564,13.417065931160185,5.300146379492082,1.2248394027806266,48.601583874601296,0.31726084239174146,0.6628860363459957,0.9772662793327919,1.957413158070529,474.6333916850744
546,546,200,23.032407407407405,780.884949714803,20.331932789107633,3.300870254810681,0.5075013263152894,422.81858046942887,23.83945047301634,1.6821927942795944,0.0009079590400741612,0.15960963838403905,13.019007673353084,10.30096800889757,3.998323434798131,0.9948987259254369,49.78055037417577,0.23570849115648074,0.49583649868102947,0.6995970937944481,1.4311420836319582,489.36637795763556
547,547,198,22.800925925925924,782.8054800439846,18.168963423478132,2.905577547247734,0.3999491788295626,441.9534528248296,21.092850601135808,1.4250658479324465,0.0009481914841510079,0.13969925511446735,12.345865365151248,8.099674461048604,3.570765261347493,0.8460614224450023,50.84951213778143,0.21603384436550488,0.4228056459600614,0.6352327192446132,1.2740722095701795,499.8770802244632
548,548,197,22.685185185185183,781.7646251712458,23.161412208941268,3.7150075257438777,0.5303689610985005,437.03871929619453,26.95394861773089,1.812174814811172,0.0009254878393589989,0.16692566814743984,15.378899760340381,11.47828892155465,4.605630217845725,1.0464758951900595,52.19368636567328,0.268146216442702,0.5438857833767335,0.7684743702530425,1.5805063700724782,512.0903839851698
549,549,195,22.453703703703702,778.4992557709176,28.562207616360894,4.907709818604951,0.7411049032773575,412.27877674939947,33.81945718424628,2.216964768776392,0.0009027606336947391,0.22704513246139157,19.856628349512565,13.274846936386654,5.817358552325701,1.2786744636855325,51.87612957695161,0.3481600778105454,0.672555543467781,1.0883696040681627,2.1090852253464893,505.2341341115049
550,550,192,22.10648148148148,781.0937939238173,15.06535510975271,2.2777197954784,0.3217089497094224,419.0358965606517,17.35617177717214,1.1472632963099865,0.0008427016137225462,0.11858488848792686,10.050655543717538,7.266872880780395,3.025371267312639,0.6209746483178014,47.40553586617776,0.1720744895435495,0.3482354553890587,0.537462126300372,1.0577720712329803,467.2945339468199
551,551,195,22.453703703703702,783.4076059075837,19.396255863762857,3.03626230533871,0.4632477004816334,412.7559301787598,22.603360792007894,1.5208095102787942,0.0008825748129546665,0.14593219690132384,12.71518052435578,9.453188132787723,3.890175414317923,0.8529748448291476,48.41112467240691,0.23213993096173577,0.48285338054162913,0.6569939885195782,1.3719873000229432,475.4910068143017
552,552,192,22.10648148148148,783.1465119828902,21.56594739451607,3.3211010445111895,0.5114643475386448,407.97884362525315,25.13424762481342,1.5633175563142274,0.0008801143338032157,0.15380977314510902,14.590285287830204,9.940018683658781,4.293163174924689,0.9547616930988787,48.69815889998416,0.24930479098550815,0.48112439581202926,0.7718584798196336,1.5022876666171712,476.9198426987251
553,553,192,22.10648148148148,779.8061651024257,25.953495719753622,4.183968919514174,0.5967266075851101,430.61306963332447,30.16935079290788,1.9787180952637442,0.0008962596473508326,0.18660402572274198,17.276071813156417,12.102355143604365,5.179982625311468,1.1341268258767916,52.57505504081819,0.31225392708926875,0.6155185178145876,0.9034065075874451,1.8311789524913014,513.930473601003
554,554,190,21.875,777.1106557029541,25.427425029303976,3.922127972855689,0.53850918497077,434.4559019953156,29.400583940745996,1.8323173999451754,0.0009420335273519218,0.19103614395478175,17.706158823866176,11.956735728150425,5.0290228055013735,1.101381118920661,52.708083684408756,0.2996946147803232,0.6003921156030699,0.8858134439340714,1.7859001743174645,515.6418835275094
555,555,196,22.569444444444443,777.5083113182775,22.32863613106688,3.5324777813581676,0.5585869192214115,435.40300666556914,26.24620239316863,1.7142072103393293,0.0008699931610185972,0.17486803646207025,15.359575586639497,10.197357954754954,4.427361824099559,1.0590231155244272,51.77659391502446,0.2555321109706338,0.5247804985511906,0.7864894987717448,1.5668021082935693,507.2094001330192
556,556,190,21.875,783.1280836446347,17.08186382727934,2.4625665379614015,0.3805456461568608,428.72173818647195,19.551969081678326,1.3002260322014023,0.0009105462940744377,0.13120976782712962,11.16915198174649,8.19187473682365,3.357148540309199,0.749123828387566,49.10072126753381,0.20826593760031725,0.4091174752253648,0.6374308219073863,1.2548142347330684,483.18399096612393
557,557,195,22.453703703703702,781.8829580859151,22.87907217232482,3.7658067509562314,0.5508678519962784,420.4185210590293,26.610800082722715,1.9417135811842043,0.0009769993022922829,0.1848579020102879,15.418888257676262,10.80220230091191,4.501044693910605,1.0942614746828077,50.47722318875708,0.27924524156632097,0.5623530316788041,0.8316068692647238,1.6732051425098489,494.4233300115413
558,558,195,22.453703703703702,777.6042558101233,19.752088561857462,3.0296768056350296,0.44774810999388776,400.23177194650566,22.77770971876348,1.585433166823787,0.0008210016107904195,0.14924646034779077,13.39053432506225,9.01281780477879,3.9199261445081133,0.8695276906157,47.23972206803088,0.22116675872786246,0.43904541306455713,0.7091277738765325,1.3693399456689521,463.1461073571095
559,559,194,22.337962962962962,781.3692748369248,23.956300257309103,4.10005958511239,0.6234312250083411,386.9294474669623,28.309801228451093,1.9702434316613784,0.0009054108361852758,0.19787029802447648,17.146574464979302,10.8124575560553,4.9083524473319455,1.0548863394323107,47.63065078563874,0.2902138022671208,0.5769648155042592,0.8868735835842261,1.7540522013556061,464.6178074475405
560,560,199,22.916666666666664,781.9829611459994,23.69270999577568,3.8395826962585478,0.5584482825882233,438.63702604485,27.69652375848162,1.8758551709070512,0.0009542095449178732,0.1758957583687119,16.29661503586367,10.945609096416526,4.673551385886214,1.1280418601951083,52.58312183785996,0.2894031499534053,0.5540698012492603,0.81881489036115,1.6622878415638156,514.8864861008366
561,561,200,23.032407407407405,783.1532551220682,22.783234340929187,3.4984450922301575,0.5723187012909342,426.3080910491864,26.478079493611514,1.888261815080534,0.000976411033225993,0.19129238620852582,15.611402415908975,9.883104373421887,4.570973856170402,1.0060078937113084,51.01351852701139,0.268651950952159,0.5205939175082716,0.8089487925035672,1.5981946609639976,498.778980073838
562,562,193,22.22222222222222,781.9931024498635,16.285650506349672,2.855175379510404,0.41889661903573006,404.7449005775888,19.361221475922346,1.2795135010239889,0.0009004771673152115,0.12076913449385274,10.893250316778996,8.354803217185962,3.340896269842425,0.7219465945020492,46.545948244293925,0.19792462050928433,0.3893369307048531,0.5644059383482936,1.151667489562431,458.636341242185
563,563,193,22.22222222222222,782.0237307627419,27.762281208516388,4.476567570912842,0.6925703059297119,408.5786916927406,32.48984454009008,2.312701324293724,0.0009255191130322105,0.21111700490622698,19.15085800584697,13.40199526928658,5.477569429427204,1.3399085194788016,51.09520524864937,0.3304363335620706,0.64113131004509,0.9788263249311799,1.9503939685383407,498.6945663532335
564,564,194,22.337962962962962,780.6484540652965,24.268165839753646,3.9345182092859963,0.5899378273435226,414.63478553626373,28.292570208121322,2.0047769307055385,0.0008345830658392254,0.19615982046947356,17.3440838189043,11.020679285925304,4.777650591258377,1.1681363212256957,50.406810854734545,0.28808276767631824,0.5854438707526003,0.8559545877793578,1.7294812262082764,492.61769637962675
565,565,189,21.75925925925926,782.8920682321367,21.77324043339608,3.5763664231792656,0.532288579252532,451.3391939098347,25.464593402812273,1.7814618842978274,0.0009547851272981401,0.15861766658161014,14.41875460405494,10.688412997398807,4.4363188454976,0.9181506513133314,53.171218999678416,0.2526579572432314,0.5235883095389785,0.7555903045644535,1.5318365713466635,522.2014361500379
566,566,195,22.453703703703702,780.5524208130319,24.861859395327,3.8304790614212902,0.5873438034712726,395.6097896874753,28.758323588913555,2.05773127476089,0.0009159035849547435,0.185006677544036,16.769007256909962,11.731986681559523,4.961459485878343,1.1002135308642527,48.690163629423886,0.3008271576303374,0.5772490235619919,0.8835168624472324,1.7615930436395617,475.44670213444
567,567,193,22.22222222222222,782.8117016750263,17.398849951422275,2.6583900067796398,0.4048638034519487,417.21333999164494,20.147704639041166,1.3227483328944991,0.0008846399621182407,0.12888219811701948,11.535369451149112,8.45188957166789,3.381346191504019,0.8310135869501308,48.07984580349475,0.19845469024055956,0.4247698352198682,0.6078876888846247,1.2311122143450526,473.17102512778064
568,568,196,22.569444444444443,781.6982605072429,18.29137308927085,2.8009946662899634,0.4363855554608059,390.2974336555229,21.30274820880199,1.3917832890801738,0.0008928697441491894,0.13694122856162208,12.145275819918114,8.748904624966642,3.648083826191085,0.8092479495667589,45.73008441944909,0.20100031654101103,0.40926624164186715,0.6438909242773382,1.2541574824602164,449.1189464459173
569,569,198,22.800925925925924,783.5161486191156,19.86159203191245,3.4863899549892197,0.5031801166422775,408.32261076601844,23.461043128900346,1.718709609043041,0.0008698591813483083,0.1648310349661498,13.745657659832014,9.508775846348287,4.06013680566315,0.8951559455356155,48.24809222401118,0.24107239544069858,0.4692873350963888,0.7271529755820948,1.4375127061191821,473.4208078053196
570,570,191,21.99074074074074,781.309432671791,19.004001962729998,2.9558408953254554,0.42322690200909274,419.79634698472984,22.037086166539645,1.4390518663850635,0.0008966640886949136,0.1425822599936127,12.339473061182101,9.650767966539254,3.7157344107904473,0.8964427997556492,48.93690421286065,0.22369207214403009,0.44588712597960134,0.677972642993263,1.3475518411168945,481.4095307200037
571,571,195,22.453703703703702,780.7789640223718,23.63142363853129,3.567197969237254,0.5591938687867947,382.3643345683733,27.31278860259,1.862050646519071,0.0007917918260106291,0.17955658354248194,15.7770567301805,11.22179040994233,4.609616534435576,1.1149876583872753,46.863653754428924,0.2871873333312277,0.5578453587468868,0.7897362197873738,1.6347689118654882,458.0585011840369
572,572,201,23.148148148148145,780.8011176667721,18.741523221690294,3.0413571669791644,0.4299373504887894,428.46839964023997,21.675124601980798,1.6481635111626005,0.0009792998394524074,0.16150586963409133,12.937644115410581,8.343254816700007,3.7208409439404475,0.8641834103240563,49.73527593709285,0.21986624306398536,0.44994753136277976,0.6309719729529698,1.3007857473797348,488.3960555803594
573,573,197,22.685185185185183,782.4513691517574,20.173240556354862,3.3485510374145337,0.5005838831395377,399.9812981076183,23.605947155174327,1.643314825372978,0.0008334068411649195,0.1538150928446853,13.612051376196513,9.80457406163173,4.039483019380307,0.923688859335068,47.44860033091512,0.231235479048932,0.4811185670966857,0.7118113653768977,1.4241654115225155,465.5994954166299
574,574,198,22.800925925925924,780.4017320219967,16.43696734921719,2.6895540224894403,0.4172776165127441,435.86865070999426,19.21558306039338,1.377109264630357,0.0009183905402496366,0.14459100995858717,11.470940371757703,7.126306816982198,3.2848981502544725,0.7588573549439108,49.662619750773736,0.19242221530462755,0.39962210658239167,0.5846297376711858,1.176674059558205,488.49738780547506
575,575,191,21.99074074074074,783.1550494503971,18.582600574229012,2.966993765938352,0.45996486605640013,437.7985251601163,21.64437996485248,1.4902607395896599,0.0009036473901082823,0.14464918654590306,12.917859711476472,8.887246303751365,3.73741498029168,0.8123727985702424,50.621019531279146,0.22141504863658656,0.44735662587756586,0.6437106860394335,1.3124823605535858,497.837794347885
576,576,189,21.75925925925926,778.3649273703496,14.129650745433873,2.122560372122686,0.31307749351834435,464.3834104935483,16.27963061660678,1.0443819650499016,0.0009318233790224984,0.10210557858073291,9.356479994961703,6.960745453751674,2.7748730371895394,0.6248220297203153,51.584385512671616,0.17258846926348756,0.33499747955920284,0.5026695719759453,1.0102555207986357,509.74644512969974
577,577,197,22.685185185185183,782.8401996375924,18.15992938382923,3.074334431447421,0.4781494998522322,449.5376672997866,21.410873457924428,1.522566126181596,0.0009959785005970788,0.15733664074976722,12.52831132488439,8.678016877571569,3.6270885223582896,0.8667627613406531,51.69404461620052,0.2182103465341564,0.4363750915505135,0.6497589987031844,1.3043444367878543,508.8180654163303
578,578,198,22.800925925925924,782.962015482743,16.613388938409983,2.6735660264202363,0.3972276112258365,444.21787095757014,19.336599130918444,1.3457539922789086,0.0009791981875624327,0.13632148797914304,11.019385261778393,8.159738824932077,3.304087738939808,0.7566201708903129,50.516628097983194,0.20081192555518906,0.38414115181423525,0.5447263121913669,1.129679389560791,498.07183346731324
579,579,200,23.032407407407405,777.2151440160393,19.08502311311746,3.0819364334770434,0.5178318668947195,399.99796443427897,22.473521681589073,1.5956304692793486,0.0008419565006717224,0.15956145412799932,13.822069542495841,8.315891727192097,3.8294595768928326,0.8968123841061812,47.0682190530074,0.2123320109459679,0.4313780216195896,0.6703758379457735,1.314085870511331,461.26856096796763
580,580,198,22.800925925925924,783.5616989947371,19.259255120271874,3.0851873933153744,0.44028541646545183,427.06225732757207,22.26324142699627,1.6322709732604122,0.0009508203273441141,0.17490030720110009,13.34295730995576,8.37534853262898,3.8272617250867156,0.8663641817405984,49.77789262712496,0.21626619810086498,0.4613211106474617,0.6924595867463534,1.37004689549468,488.3573701203609
581,581,202,23.26388888888889,780.8119551952752,21.467526514951878,3.2585753634271732,0.5311371377719335,416.88114114733327,24.80978726227815,1.7912687837748036,0.0009134387905953348,0.18495402312865641,14.378416170912285,10.253648578981906,4.191210231024557,1.030890022103548,49.56306476094531,0.2581575721441541,0.5004914838772561,0.7749804639443149,1.533629519965725,485.9346820235323
582,582,193,22.22222222222222,778.3343318740102,18.17732462670449,2.938880522009281,0.4246949087831486,429.8432348375917,21.066935278668037,1.4866105080270988,0.0009641455403824347,0.14156068521386564,12.358173295253497,8.872520285706349,3.6160215289365647,0.823108372632117,49.64985364641818,0.20753781943249175,0.4207886115188055,0.6100608369877412,1.2383872679390384,488.63024296775205
583,583,191,21.99074074074074,782.0045117932042,15.108662954984487,2.3230968586433898,0.3662532760011706,421.71685655363626,17.444537851195765,1.23832065548232,0.0009228097536623421,0.11321036294495658,9.855997076706124,7.484756994059335,2.9673759185555304,0.7021233592715683,47.70718166579993,0.17302966173802373,0.3643466231340269,0.5387765548575136,1.076152839729564,470.5422704342581
584,584,201,23.148148148148145,779.3468208580392,14.857142925420613,2.5361573399699586,0.38168749968245325,437.9304981867653,17.501428541309522,1.2075847912263473,0.0009895636790347862,0.13410871822304826,9.965834890449853,6.935841055836345,2.971707223551857,0.7061877167233521,49.30541018359177,0.17767398797861292,0.3510257178443607,0.5281219065950687,1.0568216124180423,486.2201551748059
585,585,190,21.875,776.7996297198364,17.75936380569022,2.800288461333977,0.3900567074423452,414.214997494094,20.537066935463734,1.4012420065415934,0.0008598242542259496,0.12562337785732766,12.503746825033431,8.330648401074768,3.556029182258571,0.7533942202708176,47.926740471414846,0.22349378290659358,0.4194968405940088,0.629375858035837,1.2723664815364395,471.14193689781797
586,586,191,21.99074074074074,779.8310738091023,16.58612600379472,2.5283853789256074,0.38099859807334485,451.45452437250907,19.040911354755874,1.3841276745048159,0.000958650972557383,0.13487534304948637,11.059599960419582,8.10473044191529,3.3100530237708843,0.7099476677974853,51.21666840276254,0.2046380748159411,0.40190059839892484,0.5831663981905542,1.18970507140542,504.82534358147456
587,587,198,22.800925925925924,777.4817130193528,24.95966375242832,3.91185352900337,0.6149808119949214,411.0367854895192,29.10379607544847,1.989711134429074,0.0009520296044644557,0.18747404740686296,16.691816863675044,12.229192005954612,4.999874971923002,1.1176763837673402,50.28941995462441,0.29318357802508516,0.5762793550240604,0.8645482025245179,1.7340111355736634,491.88597136705334
588,588,199,22.916666666666664,781.0461885770769,13.856035443329512,2.104533748783669,0.33081724737521995,464.7802769129167,16.049221711646172,1.0734445360273728,0.0009893668049142576,0.10468287898053395,9.178010457509636,6.3589600115240605,2.763996573121281,0.6011745945716558,51.53504689670544,0.15044931309160306,0.3176238980828039,0.45994040515248885,0.9280136163268957,508.952146641408
589,589,200,23.032407407407405,782.856252433609,18.72290138016954,2.9050484452953746,0.4547743523803753,387.09936612313663,21.72769548143772,1.5286034286090906,0.0008923394400972754,0.15419010698493765,12.590227985403237,8.749456255747585,3.6718916534166612,0.8919160375653057,45.56405553282692,0.21361491975966584,0.4344280793426771,0.6186875812441309,1.266730580346474,447.17346618452973
590,590,197,22.685185185185183,779.3429466634981,19.094523926801145,3.2696946515372254,0.4960019275755003,425.08470670900994,22.693619490035463,1.5228699912576846,0.0009042392297138933,0.1431107252866187,13.14607923478152,9.569911047391694,3.854263841619721,0.8996294837275753,49.632533529204665,0.23332705212863944,0.46252305209184924,0.7002624420712048,1.3961125462916935,488.025348579764
591,591,189,21.75925925925926,777.0298883047385,24.605842866322725,3.905634844090751,0.5666694759712695,404.8856987485385,28.674287989525723,1.8100323077155571,0.0008706522181378064,0.16440191677129723,16.674159992531372,12.099373947833428,4.947383677061967,1.0470920138345658,49.52102413489533,0.29480292397301455,0.5495905666391462,0.905286153365644,1.7496796439778048,484.45696808386174
592,592,194,22.337962962962962,776.3891579622473,22.473951182144894,3.3360461222095785,0.5260440399855034,381.3937584983059,25.86398024132974,1.8572927053543244,0.0007802326095289663,0.1801339400065188,14.777567260087972,10.652784063012783,4.395962378808433,1.049190490000415,46.352015818361714,0.2675565731958924,0.5189242456812472,0.7895554887222012,1.5760363075993407,453.305960201367
593,593,197,22.685185185185183,777.3089176960924,19.99223029663049,3.2492099106235104,0.5075090605789508,451.17913336134444,23.32661810652327,1.7145581139180877,0.0009501720769874519,0.16883657867553517,13.73116366181042,9.594400613355004,3.9526816916868768,0.9625146449303051,52.49832595698141,0.22561342866157588,0.4800681717520531,0.7064191710007104,1.4121007714143392,516.0607433217577
594,594,192,22.10648148148148,778.4225150522708,21.576643130091075,3.4954211758944322,0.5514050732715694,457.2157584603571,25.187038784851467,1.7536761905664233,0.0009529839105544954,0.17023081723862266,14.794580382151914,10.30382283251481,4.339207269300538,0.9559227322985583,53.67829788591003,0.27343376999389957,0.5263162021804786,0.7273037407532196,1.5270537129275978,527.0771331632227
595,595,199,22.916666666666664,783.1008626358356,19.26943453397532,3.1326769930365312,0.45275694903535674,426.1985344738556,22.453689676346844,1.582479544112116,0.0009833558610075248,0.15351175663953753,12.989882443339186,9.141769333704337,3.7838542106506163,0.9322327060009185,49.719210755228126,0.23697029507627362,0.46393340986421056,0.6819051974640508,1.382808902404535,488.4847324356228
596,596,197,22.685185185185183,781.5070761207555,21.3637107314452,3.0658968443936114,0.5333793682827103,416.7619108945918,24.6591709513436,1.6207997071702773,0.000844281035661016,0.1487590870773291,14.316003957176903,9.78015542986703,4.17961673329618,0.9778259902248906,49.47322810301282,0.24257072978273345,0.49274324268717123,0.7896048665848244,1.5249188390547292,484.61698885778304
597,597,197,22.685185185185183,779.427156212876,17.582210430965837,2.7224472482297664,0.43025963173538084,427.794084000852,20.444513121754984,1.3382424868767722,0.0008861565677829405,0.13311684031410387,11.8609865879413,7.962708772496083,3.490575264031022,0.7789186510117275,49.223773750241115,0.2140718832859666,0.41218056565384154,0.6363244965649802,1.2625769455047884,483.94053955034025
598,598,205,23.61111111111111,779.1453791855087,24.51867898865807,4.151050554359195,0.6136482287167113,428.7824279760972,28.872030754186866,2.0764131564009993,0.0009245778544176959,0.21487172238958743,17.555892578004034,11.238601893852072,4.922980055462667,1.1389018329912979,51.94225456018958,0.29451644474501254,0.5474026470307255,0.8255414393154141,1.667460531091152,508.1979902720602
599,599,191,21.99074074074074,776.2538598336399,12.78225915371384,1.9954731603607458,0.31048224716757844,421.5056813050893,14.853876067961991,1.0026762519844086,0.0009189593864075959,0.0964455512002206,8.658380773794407,6.04486140049054,2.548820081757979,0.5682760670800865,46.85219597858705,0.1450636275393726,0.30618256370706715,0.47695315381014275,0.9281993450565824,462.63796959124977
600,600,194,22.337962962962962,783.4209681660277,15.134801488829703,2.4135046442299926,0.35220324941899284,429.8382513659682,17.48918426688663,1.282507348986199,0.0009211157820066176,0.1217820496025547,10.381563278244162,7.2782971038861906,3.054965356157564,0.637052292541979,48.543006699900694,0.18402063149360715,0.3534357398784274,0.5343126156623723,1.071768987034407,478.6752392693243
601,601,195,22.453703703703702,780.1058577650348,14.278768045548032,2.3675009183572935,0.34072618597208587,450.06206239608827,16.654341991100456,1.21954772400993,0.0009807629490946545,0.1227166489515345,9.676023341187562,6.978080781080032,2.8675991508566847,0.6447427692371727,50.27398661084179,0.1645946099455186,0.33411256837131337,0.4939038719385868,0.9926110502554188,496.5296784244061
602,602,198,22.800925925925924,777.9943308880523,21.10157103670149,3.4248622665793493,0.5505827752876514,385.7333971329163,24.762940707135574,1.689936947441167,0.0008360885570637396,0.16644816876208937,14.553315010191612,10.124001882593767,4.265057331537138,0.9365437364216006,46.361666864411106,0.23711078881544162,0.4884605326697355,0.7185771012135808,1.444148422698758,454.2003264966318
603,603,193,22.22222222222222,777.4376948653529,26.306597078512194,4.239423150475337,0.6883420457928161,411.9928042797395,30.993247948406857,2.064500047952355,0.0008621627024092118,0.19242889039618577,17.60266448972552,12.617951818473957,5.3910129253132055,1.1165578745147016,50.95557488934633,0.3122981260514867,0.6434590172659894,0.9171639284802466,1.8729210717977227,497.47664929407716
604,604,200,23.032407407407405,782.9345333362797,19.066232023419897,2.7891869635938353,0.434076452171819,434.9463332665214,21.897517422042505,1.4477140198944134,0.0009890144730907652,0.1577497941440199,13.01594302809322,8.444751757519423,3.7869697840172414,0.8106328329875957,50.4363146320955,0.21533315894618046,0.44962600283317194,0.6606635233616829,1.3256226851410353,495.1077760159262
605,605,190,21.875,778.3513160746285,25.384752176370412,3.8937747545580166,0.5657800753557547,420.47468276223617,29.50220501657015,1.8246867287044326,0.0008910385463061318,0.16282891698123939,16.665932642381428,13.016055261958709,5.066646892164645,1.0900196631065142,51.34921628670007,0.3171676687695258,0.6007503108636472,0.9202827402705949,1.8382007199037678,502.820524006456
606,606,195,22.453703703703702,781.4139897139173,17.72154509547788,2.6339552619394553,0.4011718653603193,430.3082675233646,20.449348076332065,1.3324279726550567,0.0009444609425017617,0.1259938302597162,12.043001497925383,7.886655139134213,3.479681490767431,0.7942203807346704,49.47934331887426,0.20687587559462128,0.3996829987023734,0.6130174453633235,1.2195763196603182,486.3537874166281
607,607,202,23.26388888888889,782.2764614163274,21.114279313683685,3.2800480424119023,0.54423395614398,413.7368892866895,24.63211510297842,1.728599632046067,0.0008957188390396569,0.17034884415741736,14.411709472817252,9.734199747383874,4.15978033169255,1.0101618790172173,49.14260185838103,0.2525671014656539,0.5009519069512663,0.7238833783525837,1.477402386769504,481.58895424181327
608,608,191,21.99074074074074,780.3263319432749,13.656001920901325,2.174360098252334,0.29910555797082183,433.57498766699985,15.854832157661145,1.086611958222303,0.0008943211661248201,0.09573780314027817,9.235528467671239,6.246917062242,2.7592598059114777,0.5721981236689064,48.39051743290515,0.16451716541230357,0.33616493752231474,0.5173801532309619,1.0180622561655803,477.33896873230213
609,609,196,22.569444444444443,782.1600450501248,20.486369513082025,3.2456254021423563,0.46458805778188,461.25656362058896,23.78511851872442,1.5702280530292723,0.0010623697329755135,0.14866412108402713,13.844384901858838,9.204612717030445,4.00137740514595,0.9703090593339045,53.626083174445206,0.2352780823648934,0.4845616402167741,0.735019054988779,1.4548587775704465,526.5893776152466
610,610,200,23.032407407407405,780.1248511792149,20.286512062751243,2.9516380220444356,0.4548850913695099,470.71764978826855,23.159157503847133,1.6718892987928264,0.0010322578963281237,0.17741604229769753,13.581902163124536,9.446729938618754,3.969877676064369,0.9063152284267292,54.44762790925964,0.23324602553768814,0.4781733017263481,0.7159104293013103,1.4273297565653467,535.1704326669429
611,611,197,22.685185185185183,780.9452418209485,23.67860053617351,3.629915067409136,0.5685287099018372,421.2146225140421,27.256688183638452,1.9837389943036363,0.0008737171422333114,0.20403112183051003,16.145250680785736,10.959043110565133,4.692122560598756,1.059603762866798,50.784289193372516,0.27332574205233173,0.5626455775025747,0.8102122104008738,1.6461835299557803,496.89395180842786
612,612,191,21.99074074074074,777.1331146990635,18.275041211076815,2.9636428353621325,0.42363621201563956,423.3077407181959,21.333089537315946,1.4434076952601715,0.0008854064322604449,0.1393523584485445,12.68990699419234,8.85289414907666,3.596938431550749,0.8676215447604504,49.04871386912477,0.2157128416782859,0.42817839742963204,0.6466411847899515,1.2905324238978695,482.4947825233931
613,613,192,22.10648148148148,779.2144981450441,19.17485082611519,2.8907009913491386,0.4125247028745372,413.6044524628528,22.00539094644302,1.4733154535925141,0.000835298687295713,0.13379460660438666,12.534452846671485,9.213415047986173,3.7288037497185953,0.871258990736876,48.32100882645856,0.20975075917653385,0.461087754395004,0.6716334776596455,1.3424719912311833,474.8518150681918
614,614,195,22.453703703703702,780.8070477198382,18.311186054960753,2.6656696374636883,0.4047820952066335,397.69693364570304,20.850487072752692,1.4835017306795324,0.0008342357933148576,0.14790918853879503,11.995606664288317,8.95603596829644,3.541503103411793,0.8465480115933073,46.40633324909481,0.21545754964184083,0.42254520063075757,0.6270583528284053,1.2650611031010037,456.1704518475009
615,615,200,23.032407407407405,778.2680823752493,19.73260622693642,3.146267596911011,0.4532641653121916,439.441571646565,23.02834542027443,1.478723002849766,0.0009188011755121959,0.15035150077304685,13.790943475868454,8.771201772089642,3.935269802849774,0.8759419757061243,51.180237783221706,0.2275854755017415,0.4607596848129085,0.6801645891267476,1.3685097494413976,502.3829716608843
616,616,194,22.337962962962962,780.1630526053493,21.156938340987285,3.108615416304231,0.4515840828445018,448.3327913724434,24.36510237854349,1.5642808054587531,0.000949677268417834,0.13910136697750455,13.91976234810972,10.297891135080059,4.136972363697178,0.9579389558167642,52.5276808434342,0.25950922538387744,0.49482649985247246,0.7117144340884416,1.4660501593247914,515.9782160547464
617,617,191,21.99074074074074,778.2159308187108,13.821772659625173,2.144571866602893,0.3586771155699905,444.20724507814344,16.165124524990187,1.0349083752859298,0.0009380971276107951,0.10380933913515296,8.932620639249478,7.03500144546919,2.7622824508018233,0.6227836981420696,49.511181832033905,0.1690991575230815,0.334850147858651,0.4754867834459878,0.9794360888277204,489.23655073972117
618,618,193,22.22222222222222,776.419897885063,13.271855347355917,1.9666393603357184,0.30586301362614066,476.52330867816477,15.234134479412488,1.0565808986954743,0.0010317369306966282,0.09702985200932153,8.97565912149963,6.1290907962728545,2.6071499400717904,0.5939388380410677,52.4832996932963,0.16271754759001683,0.3134749859520869,0.4410635653408371,0.9172560988829408,518.7038790397991
619,619,194,22.337962962962962,780.3372624315917,14.698512486346559,2.347505078491544,0.3830283788992487,477.26469879048534,17.13898804956565,1.2299737998536522,0.00099345918061223,0.12683414095053852,9.798783858749383,7.338571089417172,2.9522063700465284,0.6639998860553327,53.15770291658328,0.1657693688467687,0.35499019265179865,0.5252269015263804,1.0459864630249478,525.1912979923171
620,620,203,23.37962962962963,779.1033341787133,14.367540741872974,2.3671104427485252,0.36892464512130635,481.8748369120871,16.813026851650864,1.22456101097246,0.001026043517890534,0.13105157368049292,9.73658520472894,6.526609073913297,2.8767903279537186,0.6705349732562039,53.494483269475424,0.16624264144527204,0.3237405027319055,0.4885629251243111,0.9785460693014887,528.2005586660761
621,621,200,23.032407407407405,780.0725144937533,19.725966152563018,3.3067230883692345,0.49605735119742433,422.716132913517,23.159078142148616,1.6377249433239667,0.0008818568585477012,0.1730001890278841,13.614892943819207,8.745704988426782,3.9393507963709493,0.9313027950590507,49.55949079545905,0.23086540351391857,0.45429957052966524,0.6621904726868306,1.3473554467304143,486.17927866359287
622,622,191,21.99074074074074,776.9710471474045,15.786774408427236,2.4965593328452003,0.3433687099622636,412.3384737775499,18.266819826781468,1.193764270764227,0.0008376698138286285,0.11582844812571876,10.400663488894054,7.925310247390639,3.1299938769982014,0.6876206815134449,46.997852898532436,0.19173534362815964,0.381827265991546,0.5407207886320253,1.114283398251731,463.3996346484239
623,623,191,21.99074074074074,782.1659832792561,20.294302027093313,3.178264098027795,0.4566607303664877,442.8652838368085,23.568018576562956,1.5300537155024876,0.0009142394980445138,0.14905319896501404,14.18509434365748,9.515484252876819,4.060537212685503,0.8718137460631484,51.71947395816591,0.24738724672765672,0.5037557353237663,0.6766279665154927,1.4277709485669159,507.918156583017
624,624,192,22.10648148148148,781.1455277030387,22.87353303854905,3.326240114625699,0.4950511398951633,414.4332997334043,26.202851252509493,1.765738009102049,0.000837843936339895,0.17034798044761307,15.552150469296954,10.528006747515805,4.486335814711111,1.0057411626961208,49.739571116375494,0.2753806668602848,0.5238599470569648,0.7668529066067791,1.5660935205240287,486.8540763579167
625,625,199,22.916666666666664,778.5162030289496,17.70414655802851,2.745049200459795,0.3955477513572139,436.93782404028667,20.298008447642253,1.5486781784601047,0.00099829025384212,0.14403627865024127,11.533038987462144,8.394100719792087,3.5216203019597865,0.7721950623563579,50.15483103452557,0.1912874930605004,0.41419206302597494,0.59700108142234,1.2024806375088155,493.66468546675554
626,626,197,22.685185185185183,779.5343090173205,17.990133686063448,2.9531013368123693,0.48376528386301615,417.312483648768,21.225748431395203,1.3949684653510157,0.0008805604759866126,0.1360272771019229,12.780152278628144,7.965210220492402,3.600796182946377,0.836050091276082,48.394564640324774,0.20445930672586124,0.4397398023153646,0.6511240201077648,1.2953231291489906,475.1944883136949
627,627,199,22.916666666666664,780.9025835847901,16.434861308748985,2.5645723601847097,0.3945506178728435,424.0712101398499,18.985148308613415,1.4248735275668407,0.0009315023493401114,0.14698686830090643,10.854545487338484,8.142809367485832,3.311954343612043,0.7045607222083066,48.43970212949938,0.1882184421941966,0.3928452593591437,0.5479663554743552,1.1290300570276957,477.31148912382076
628,628,200,23.032407407407405,779.8231868440976,25.83194544788811,4.086362046891602,0.607127373161523,386.29969626912526,29.93984559095806,2.1757342499039938,0.0007910150520827974,0.2173139741694814,17.49242342910107,11.868289301211743,5.070679373094331,1.2282851474060474,48.10441546525941,0.29614794230103914,0.6066068840491192,0.8920535768549868,1.794808403205145,469.1208781920674
629,629,197,22.685185185185183,780.0136045313019,17.58698893677035,2.935340298542965,0.4094826302511426,410.335643306712,20.643105402844093,1.3982955218988893,0.000887876154165839,0.13282843626478413,11.448929320150752,8.869497846276662,3.5148702885590253,0.8149261318538595,47.533834228931156,0.20093801600931205,0.4022612184516028,0.6446025357513027,1.2478017702122175,467.88966844634007
630,630,199,22.916666666666664,777.4256349702404,16.950749806586636,2.750108087842782,0.38507239946918764,453.7416425188242,19.747784797427762,1.3499908983604278,0.0009373649388823092,0.1446687016185754,12.274507104998628,7.490864973212502,3.3239018729161636,0.8101092740430139,51.587985522530076,0.1999178678109343,0.4138361521113129,0.5521100498650359,1.165864069787283,507.86169476502744
631,631,195,22.453703703703702,778.5990185531407,19.978478492628714,3.089048048698233,0.42943500479625735,469.23276639287064,23.101530314386785,1.48056883074521,0.0010552277626549502,0.13832673639979398,13.75986435464761,9.107579369165917,3.9028563417436968,0.9214811548563354,54.22158244785822,0.23052447824572225,0.47943355302496304,0.7328312496634173,1.4427892809341025,532.8259151949883
632,632,201,23.148148148148145,780.4921149463537,21.99142601172811,3.7456060061136256,0.561807012557548,387.71123105053704,25.826498902596292,1.915691722097352,0.0008278463781614762,0.18941848467794542,14.496947987838649,10.776316905984247,4.3628021212237655,1.0756167790434346,46.92070937344122,0.2693331200544565,0.5162644812623579,0.7659926015543952,1.5515902028712096,459.7088330458087
633,633,194,22.337962962962962,778.2741055211529,18.879213562535238,2.754758286934487,0.4093166252347907,446.34550714460806,21.540966583930285,1.5642969633058894,0.000992678252992325,0.13840366642613078,12.558722260314255,8.784430743942895,3.633726375196187,0.8965551745936806,51.4927716404594,0.207712733693297,0.46342071043092253,0.6622544951339614,1.333387939258181,506.28155574421885
634,634,199,22.916666666666664,781.7817057613057,20.910564781625073,3.242208050332781,0.4637144855947147,410.5317057805472,24.053966492227726,1.7580948522474833,0.0009049569182195946,0.17710767060060537,14.333545355983457,9.63002628354468,4.058565259925723,1.0000330272729998,48.692614916749264,0.2550997219928954,0.4849620020563912,0.7441491042334846,1.4842108282827713,477.31110246912004
635,635,195,22.453703703703702,779.8946776636166,11.01015182415008,1.7149095941773405,0.249416179827972,440.49272287844695,12.74351007174851,0.861741096357814,0.0009145365088151267,0.08104979138851819,7.260401196532136,5.51667881904091,2.1700772366617933,0.5008330202970758,48.07777829327569,0.1298893001627669,0.26316957954644193,0.38445798713052437,0.7775168668397332,476.1195219154455
636,636,203,23.37962962962963,783.5427462870987,19.07398667866828,3.3088783924589382,0.5020500504474893,423.0321791503686,22.600868584695963,1.589761495380204,0.0009249002961114938,0.15001243787729604,13.253681101535902,8.778703056267572,3.8119709477650017,0.9294608708156961,49.40000598434887,0.20547260632550243,0.4502277121531947,0.7017469023227391,1.3574472208014363,485.1362437858426
637,637,193,22.22222222222222,782.8370959687279,17.498922858468113,2.755141382016293,0.44133480498082767,401.2763783830809,20.429292229743833,1.3442785067695604,0.0008351524802530774,0.13658548972869686,11.367429063557172,9.000191277598464,3.473313679541461,0.8009114466168037,46.55985335789339,0.20209195037253835,0.41226497512527094,0.622304006563476,1.2366609320612851,458.3938461430865
638,638,196,22.569444444444443,778.9198515386155,15.77875814213605,2.52253591485347,0.36630698416833946,427.6988208910171,18.3283375173844,1.2420187864680898,0.0008854581797654135,0.12478444637445922,10.79195117410148,7.600714385065073,3.1786735673788167,0.6742063450037944,48.56086191650798,0.18444206675612826,0.37550045713311875,0.5316456603836096,1.0915881842728568,478.60763062230217
639,639,191,21.99074074074074,779.3645473402145,28.598819570971582,4.438678403557782,0.5897984415448873,437.21030514341805,33.11975557013273,2.0419551806768284,0.00087947528023032,0.19732914230715928,18.129628770372747,14.050327359110195,5.702396096634784,1.208225088899794,54.1686025848089,0.3508046225974783,0.6707022118335682,1.0302171893124583,2.051724023743505,529.2101934962775
640,640,196,22.569444444444443,778.1358266671929,16.04701894145332,2.479810211027985,0.3806465743604266,424.84978389001515,18.5096716988726,1.3211744792895923,0.0009425879274135352,0.12773925086020096,10.919346819951816,7.620999159241834,3.162206470079806,0.73241774341715,48.36660848245805,0.18382757835880537,0.394132575009386,0.5805367733416285,1.1584969267098197,476.3909079332553
641,641,195,22.453703703703702,779.1326461293048,26.246625599867595,4.045609956377523,0.5754906558262808,399.87699190625045,30.361547568484326,2.052783435137128,0.0009433568633839533,0.19565249484519356,17.78308504302883,11.983925554249993,5.171880951265288,1.203057639690598,49.60861166108027,0.3124280649963592,0.6430810162635202,0.9272524930206584,1.8827615742805377,483.59727069313834
642,642,200,23.032407407407405,780.7717560452968,19.85653962536457,3.289456562237321,0.48823989562573605,459.56065175989266,23.260103254766836,1.6133098023274777,0.0009956292759475249,0.17101626348552654,13.757483802626496,8.896435322310824,3.96038766632944,0.9324538597255692,53.29544761023609,0.2364866554708452,0.46076570347101675,0.6993747491046652,1.3966271080465273,523.4262167493883
643,643,199,22.916666666666664,782.9198418369191,21.18672086223815,3.340083136947561,0.5182766672050793,451.0818520297702,24.5209072307906,1.8196733637016134,0.0010131735023311689,0.1802577086136656,14.770189765119746,9.688170560045616,4.278579328047797,0.9104073702034444,52.91758101792111,0.25249558529490074,0.5032717641943552,0.7646478943562961,1.520415243845552,519.0463566749115
644,644,201,23.148148148148145,778.818421989223,23.776468681809963,3.946638456516576,0.6622111379520293,414.62004352239495,28.059638502963253,2.0010064093951416,0.0009516832904530109,0.20102527520893587,16.68649450863098,10.813548706929401,4.772729728549969,1.1330187436352337,50.30299679347161,0.2801296355958341,0.5482443612844922,0.8613141875618207,1.689688184442147,491.6769690330881
645,645,199,22.916666666666664,779.631591863896,19.742925042965698,3.0453130701274373,0.423615592136645,446.5525908103209,22.832164812425663,1.5479343202368068,0.0010005546611529085,0.1488215631495898,13.31143071007081,9.457683621751698,3.845178617544317,0.9365848244823559,51.858545747192075,0.22354666849267024,0.4647435098954302,0.6669544271777865,1.3552446055658869,509.88905743536816
646,646,193,22.22222222222222,778.1385807459333,24.383845330542705,3.6509732642463613,0.5257686005764552,384.12116393431256,28.062285351551587,1.8721127812688818,0.0007996268644743637,0.1777272906728469,16.267158130054472,11.13109501912987,4.880228128178481,1.00376416423591,47.312165959442844,0.28045438044609633,0.5787876712792541,0.8912814044653172,1.7505234561906677,461.5602869477708
647,647,190,21.875,777.9740088100428,18.088022041126063,2.966565768493317,0.3979607510383793,442.3800384208484,21.12419429694337,1.3494984805263224,0.000932179653954069,0.12444944343832959,11.615937150371431,9.219122300116291,3.682533408960222,0.7402468217086158,50.905198895554776,0.21538056942165323,0.4438866559077715,0.6607710131205194,1.320038238449944,501.3936021513032
648,648,200,23.032407407407405,780.9913861081902,18.117749938943557,3.2474022767068322,0.5121614114475933,420.4595658994193,21.670548641204164,1.4915303569581002,0.0009265110460280688,0.1559084896183163,12.447239349119895,8.394916814592774,3.702260577087839,0.8549191252457164,48.82528423657665,0.22044899876954563,0.41574608140110697,0.6073593150014729,1.2435543951721255,479.8514444374423
649,649,201,23.148148148148145,780.8902411640294,14.08417145767914,2.4547904887769603,0.37092546523888437,429.34269928906343,16.65906970061379,1.1832497939242272,0.000994419312519718,0.12017734134907852,10.099274306994124,6.1437590763695225,2.8159818608222955,0.6840446452027135,48.17946287409243,0.17250713076609034,0.35026320189407656,0.4976820715615346,1.0204524042217016,474.8803159425742
650,650,195,22.453703703703702,777.0426361195186,21.580019619752722,3.2482241556996883,0.4701740908481318,451.6718567208898,24.809801618895705,1.7013273719458113,0.0009899110254108037,0.16064402929163893,14.207071670937161,10.504174148128767,4.276968567275445,0.937416901642184,53.039557235336744,0.2668267461883007,0.4939547586729296,0.7543219265171027,1.515103431378333,520.8767005667736
651,651,192,22.10648148148148,776.8346358304807,25.413425575011075,3.7360343455740654,0.5195682014598384,414.4898075712524,29.05214316153685,1.9893866137208407,0.0008793891547494847,0.1889160071426755,16.65199724604979,12.10940561112578,5.023759995913572,1.081283458120791,50.67073350316089,0.30693850350507507,0.6079617211255168,0.8286353344608277,1.7435355590914197,495.34814548910407
652,652,197,22.685185185185183,779.8024041954465,20.745811511405638,3.18293209490733,0.4820253818977073,406.2974525478619,24.004046101766566,1.624559038325418,0.0008814978420971512,0.15563646608505094,13.274547256807045,10.064924231355707,4.159504362730748,0.877834784808887,48.200164371843826,0.24351072826710454,0.4746957098260088,0.67118392062639,1.3893903587195033,472.9849983777065
653,653,199,22.916666666666664,779.9033345202553,22.975193173747375,3.7988864981502832,0.5881817275987651,390.8232196506709,26.986774689408037,1.8568907231268903,0.0009063856151658643,0.18331428182431397,15.956889184561803,10.809764078613156,4.609574770270209,1.0591561131660647,47.59734457500543,0.26733991049007005,0.5602275712929813,0.8353792125421857,1.6629466943252371,465.35480878651646
654,654,198,22.800925925925924,777.5672209633784,25.615272011392175,4.309199310370002,0.6476463976586291,427.21549763918773,30.084183419912783,2.15724462026322,0.000997448396013345,0.19741198105801083,17.79577241069405,11.728796696387748,5.115038975140308,1.20751571854504,52.19994410954792,0.3034743291194063,0.5773350526379958,0.9201374388625143,1.8009468206199164,510.07975103893153
655,655,199,22.916666666666664,778.155633301508,24.946383391504554,4.286180079749237,0.6493497207742436,439.6548369578784,29.416037211166316,2.1251346494060073,0.0010305771087221773,0.19787132087599316,16.738280822336044,12.034797899301335,5.037869237137621,1.1536808479998066,53.24023773961165,0.28573975941024404,0.5915335247380658,0.906258896263591,1.7835321804119006,521.2867040733142
656,656,195,22.453703703703702,782.8054389732646,24.833029010314494,3.885102375100714,0.5858149009075321,426.6978192107294,28.85882776080284,1.9913876211717885,0.000968419915445096,0.1975622401265035,16.7424008160157,11.395606448233957,4.980406237714549,1.085358364807298,51.80643187675587,0.29247832151106073,0.5900988749340781,0.8979756887961882,1.780552885241327,506.2924354750658
657,657,201,23.148148148148145,777.7885728572307,14.089422357115504,2.36907813178667,0.34054273810118135,488.09605714779764,16.46687048408915,1.2152790287210251,0.0011513841381766267,0.12188419809355541,9.572788014057025,6.596968691143604,2.8350017820356586,0.6422999697455959,54.01500747794469,0.15717582722990597,0.3258371580082567,0.48413178952583674,0.9671447747639994,533.7417006875319
658,658,200,23.032407407407405,781.221542609702,21.895834166038544,3.3313350815402174,0.5332801757319015,402.8466583636102,25.423428687105222,1.752677551537361,0.0008966192247820003,0.17443341147969396,14.596698555077648,10.036363148698623,4.364266925940357,0.9736935974393408,48.31932575619503,0.2641741887748914,0.5068484014248845,0.7656925002561416,1.5367150904559175,472.86958281880214
659,659,199,22.916666666666664,783.2610327668651,17.11292857718033,2.766353729260045,0.4058069524270686,446.44396998274766,19.935479884786442,1.4121357032562054,0.0009342618806049148,0.14358380365696405,11.81238211879233,7.791584348842183,3.4267793312585146,0.7673084122585412,50.95269066626738,0.20338089792797154,0.4158091843941619,0.6017586048218437,1.2209486871439772,501.42781367469854
660,660,189,21.75925925925926,776.1236694868165,9.709472067054293,1.4986974499775985,0.2291404860818212,440.00880972704743,11.25606888644737,0.7418190085968465,0.0008978060306481816,0.07122991278026725,6.3482832686670925,4.921355596168878,1.9450448509487015,0.4170765836459799,47.56115936881818,0.11218381503112662,0.23734528996928753,0.33898530352476747,0.6885144085251815,471.4881267833052
661,661,192,22.10648148148148,777.2120734949311,26.50367543837567,4.111041093564728,0.569522491790685,371.8760189570069,30.684045160972637,2.007658966830893,0.0007257701308274108,0.18774228069890195,16.91859836941671,13.629043994737406,5.270819617351621,1.1548966661393094,46.89125227612957,0.3219476293681011,0.6467040175111819,0.9330651806976195,1.9017168275769025,457.8969072651765
662,662,192,22.10648148148148,780.3247151794794,24.567482018048775,3.5548581465808877,0.49285212521147465,428.35221153209943,27.77791386590934,2.09302769168202,0.0009731533451566304,0.1852806546763212,15.496069682528123,12.193026711340531,4.825543168293405,1.0390574633291951,51.707719907437635,0.2814471571356029,0.5414500569440347,0.8472540610725331,1.6701512751521705,506.75237780566874
663,663,196,22.569444444444443,783.2094126715419,16.805796940876473,2.8358608104825436,0.4197188075382287,423.76499384643506,19.773826542700483,1.3915952086254757,0.0009098418155847088,0.13069958499129183,11.622092253475753,7.774759015072846,3.3848292900736863,0.7727386350553167,48.606845900133074,0.1951911455065402,0.42153659514673725,0.5717537632040052,1.1884815038572825,478.2442100275243
664,664,196,22.569444444444443,783.3385252900961,17.525485766716443,2.479931978259523,0.4069426716543653,424.0204858840071,20.012737282734793,1.4205256520385523,0.0009340746928253604,0.13558687935897834,11.286198799322294,8.68409823574357,3.4151051949473965,0.795911710824452,48.7602223219338,0.19774290892848267,0.3893873808766956,0.6086522892542293,1.1957825790594074,480.0935279100375
665,665,193,22.22222222222222,776.9140034783102,19.45205341383796,3.0988732024485603,0.4860272281967153,404.3143810511592,22.645851971007335,1.55618129440516,0.0008221044055119305,0.16014131161089798,12.96918679818631,9.372254451897025,3.8873660671158627,0.8717748473083958,47.58526403742542,0.22699014422998445,0.4499732226886121,0.6850962588433283,1.3620596257619249,467.2077865691546
666,666,195,22.453703703703702,781.7405946515579,25.470868357195794,3.967088412847889,0.5997773817306812,399.9429358057124,29.5290438664201,2.0042007981133665,0.0008567348963400836,0.18393196613487248,16.592404464151027,12.309077301385951,5.057405865120019,1.1381999684734223,49.31632740679245,0.29224205333556263,0.5726649217239456,0.89067228829863,1.7555792633581382,481.958965721389
667,667,189,21.75925925925926,783.2962669996359,16.30896090001925,2.658091895016857,0.367156359173552,451.7876168137881,18.833337446286176,1.3732617251620256,0.0009019653844772584,0.1252167939466215,10.930907838608682,7.842827570801653,3.255123626842463,0.7232942460724407,51.174801483009276,0.20055136735053025,0.38188916416091734,0.5894559494389723,1.1718964809504198,504.447685823444
668,668,192,22.10648148148148,779.0003098496886,19.64787907044978,3.1447062177278333,0.4253024600633856,443.0897456721443,22.63477543224605,1.6868119996330595,0.0009993299737435127,0.15688091365148604,13.592829488003433,9.254346071217553,3.8258779030140873,0.9453081480007042,51.50245354407928,0.2471229704156675,0.4526884071266948,0.6865674673214852,1.3863788448638474,506.1990120629858
669,669,197,22.685185185185183,781.6627103114448,17.84766268007635,2.934692666817129,0.4214623453555682,402.72261342000087,20.76330908032921,1.495667307398096,0.0008849288451877734,0.1500855215334784,12.133795298557144,8.150829873555622,3.492425562019145,0.8757829834253213,46.847702702617774,0.19691484510665552,0.43095627355245286,0.6523305394184089,1.2802016580775173,460.13561802743357
670,670,196,22.569444444444443,781.1385758955499,16.019876297873996,2.6233392857976,0.3930400209274585,441.63490719568307,18.78586652493089,1.2605394875197942,0.0009369305729189573,0.12111933744132196,10.873002189651427,7.406541319563821,3.256806190602003,0.6844003031918411,50.08616566803218,0.19612212907709997,0.39828282275110344,0.5555369417555133,1.1499418935837167,493.3373147876884
671,671,190,21.875,777.4336854370833,21.623042425503115,3.1500248684821845,0.46018912843044957,453.1523551392142,24.67023534910379,1.6576675907775735,0.0009444419911545284,0.14929354511441983,14.312984874965018,10.672739775726825,4.202022238285028,0.9705886317031704,53.15784826604231,0.2576080792716843,0.5081174313526501,0.7727521850798387,1.538477695704173,522.2475808300361
672,672,193,22.22222222222222,781.6269774727066,24.773275471510033,4.036904378066641,0.5929562081664689,396.11608192385006,28.99297540856899,1.8460667092216325,0.0007821287301938943,0.1758620476485532,16.32515472274479,12.45838609863221,4.959440251505376,1.0987415083666936,48.73211623217639,0.286276492345019,0.59660483630095,0.8898421039852602,1.7727234326312291,476.8241955668981
673,673,189,21.75925925925926,779.8377377796489,19.376595879748503,2.7772382781791087,0.42579915650229544,406.8522421267429,22.02978739852835,1.5450022898498983,0.0009221199397747597,0.14541244239050918,12.525288234748379,9.289602521534901,3.8115214034914557,0.8215777886371305,47.7110498925487,0.23480327400955536,0.46641019877680107,0.6777771325802239,1.3789906053665804,468.4546920109114
674,674,198,22.800925925925924,782.5311889907775,16.273035971011776,2.6666207411203815,0.38863700096007453,457.3536628969601,18.92382377065169,1.3719460676086586,0.0009986814366651328,0.13136043429287145,11.023997186085673,7.7255016269889385,3.2942045569916756,0.6980968783331079,51.73794688418734,0.1874788176501232,0.37756368238591836,0.5954895062226594,1.160532006258701,509.9884206326146
675,675,194,22.337962962962962,779.5545716108421,17.084249345820755,2.843355808922684,0.41971231221154076,446.3708133252028,20.081748917132966,1.3311836129675942,0.0009479341116007674,0.12605950332445962,11.674784202066123,7.906566611273354,3.4060228135569712,0.7976404876043462,50.95441804346708,0.20063582043049824,0.40342947832588305,0.623960383678154,1.2280256824345352,501.5963263545636
676,676,193,22.22222222222222,779.4183074299947,19.705004622568712,3.122822719951222,0.4511075676830265,438.4849506689925,22.900010582810342,1.4837643297090204,0.0009384946221113133,0.15132618736405254,13.828226349028629,9.013189621199631,3.8707474121095506,0.9190856306564613,51.07792635714429,0.2372443295246588,0.46337228191108243,0.7208918286313812,1.4215084400671225,501.5244562777338
677,677,204,23.49537037037037,779.1798398992325,18.66091588622947,3.1262713929986434,0.4630621509146486,429.0167250682909,21.85307976471797,1.5404315926561505,0.0009082824540099011,0.15839518227840452,13.804281340468469,7.689075256182492,3.7035437850025152,0.8893255369250084,49.789998276198475,0.21113867879494985,0.4317860316230182,0.6581809223666183,1.3011056327845862,488.40283953143484
678,678,195,22.453703703703702,781.9890412642924,18.50692694554417,2.8081149262580425,0.4359444166962228,409.81292897381724,21.488120899613953,1.3867146159483492,0.0008407739653973756,0.14074996593484757,12.072030683667203,8.946784285652077,3.657489192161837,0.8419059716592964,47.76188985126329,0.2092088242630766,0.45849669983474856,0.6368674925870526,1.3045730166848777,469.33109398393634
679,679,199,22.916666666666664,781.3841973465156,19.65111290003998,2.941737419653653,0.49420017110869846,403.67703118129594,22.646824673243618,1.7124965827080094,0.0008583045348331023,0.16747361588797718,13.507465209893567,8.811579547635777,3.9384979694977766,0.8528678412203837,47.56719192596718,0.21419673008165238,0.4457986556448068,0.6824643328051488,1.342459718531608,466.23713992535824
680,680,193,22.22222222222222,781.0733972979791,16.322146231830967,2.5508451737550013,0.36790729707237846,417.5424554709927,18.827931231261907,1.3118632239632306,0.0008735443435939396,0.12902014157841218,11.098040074983173,7.262324247155729,3.2060482247762168,0.7447537941120114,47.70006575011986,0.1874215398023246,0.3700913491628382,0.541891841184117,1.09940473014928,469.36557331099146
681,681,201,23.148148148148145,777.2764678252755,18.12093283146175,2.955696821604651,0.40499786800801935,429.20278245976897,21.204326189331077,1.4030137747988085,0.0009467183606503536,0.13636801426839693,12.995208183584044,7.6433279809880625,3.606013818520203,0.8258523758595443,49.58133498896475,0.20936939253097642,0.42391253597408957,0.630649178955302,1.263931107460368,486.76818996043045
682,682,199,22.916666666666664,781.5130572329639,18.835383113994354,2.8558560549775622,0.40871193470994344,441.95071024554795,21.683720888036426,1.4903851259717273,0.001051729374599143,0.14013227841407788,12.008681507908328,9.281666482789168,3.7005453187087722,0.8534242056059494,51.07428380442987,0.2235657310219786,0.4548354408336397,0.6600986589350369,1.3384998307906553,502.54008720892114
683,683,189,21.75925925925926,777.3918383597414,17.99968591821684,2.815312852583045,0.44452360144786773,453.6375838792947,21.000585962189568,1.3387980361310914,0.0009179858660553131,0.12722733039389925,12.026798519630528,8.76898839552441,3.618107047086856,0.7765445726370942,52.00482572134413,0.22170168100797683,0.46235671303811665,0.6688116722236881,1.3528700662697815,511.88114564764123
684,684,194,22.337962962962962,780.4513082673385,23.840624876194457,3.616151813960696,0.5575679970163152,403.8328902437924,27.60490255070304,1.8586119426629142,0.0008291056234741167,0.17726998329606064,16.52791593206116,10.557622587903795,4.739075467779963,1.0576255728316384,49.12628097972143,0.2876728626299415,0.5820207246426913,0.8340289191247625,1.7037225063973953,479.54689464816215
685,685,189,21.75925925925926,779.6287432474604,14.545007010966186,2.582462603296726,0.35412758549468737,454.47570895593805,17.26924830814945,1.1073373710043977,0.0009541465698647395,0.10191069790554245,9.771104624424744,7.757275340124577,2.916712773885418,0.6923045163102827,50.870205723386455,0.17854122247324627,0.36998739176121803,0.5397042236453276,1.0882328378797919,502.89128214752503
686,686,204,23.49537037037037,780.1127070866996,26.704360334872543,4.257951091454525,0.6181056369975317,419.9932819811651,30.86220910339479,2.352526492270967,0.0009137148188235572,0.23600006484821362,17.73438086220538,12.459773457670778,5.2550977536495695,1.2660696560171913,51.801221629609834,0.288565825232203,0.6022334930922815,0.9585642827036744,1.8493636010281589,505.85565288818816
687,687,201,23.148148148148145,781.7743485611443,19.73656041911049,3.1695297697493103,0.4626152764476435,420.4514257799673,22.88373420757279,1.691441668791602,0.0009064360144281601,0.18112251700819576,13.440222778815578,9.006874026521702,3.9072553971397856,0.9267285415090716,49.31858726042736,0.22213674095899724,0.47744241473465115,0.7119502439146055,1.4115293996082539,483.82972343944056
688,688,192,22.10648148148148,779.6721955456002,20.166129294181985,3.081695872477032,0.4566565544174425,425.2688398280122,23.361924005481377,1.5196710877936055,0.000922735638447923,0.13345692503983198,12.957121549039535,10.388791990434079,3.952846144839529,0.9315987177707107,49.89681881802555,0.2468775601426472,0.4791207004994706,0.6948412641939191,1.4208395248360368,490.6833726809223
689,689,198,22.800925925925924,781.4958822438145,18.05215758039875,2.9242105117335475,0.403599248195357,447.39942807646435,20.922006094590458,1.4915845260254095,0.0009734042953717187,0.14060017852730416,11.826760843628142,8.57578222497665,3.580951644595423,0.8212326937479948,51.374200913630965,0.19749979556364422,0.43400687000756033,0.6620024544325476,1.293509120003752,505.6060353035544
690,690,192,22.10648148148148,776.850305264672,17.555224832726186,3.040009329733422,0.4595998065859575,425.7190871141388,20.829780607826716,1.361982026085754,0.0009288774614407305,0.12444779495639641,11.627731980258606,9.090192769273443,3.5860765338257323,0.7746868413022245,49.10315588634756,0.21471651727919924,0.4290728221862906,0.6136691954832826,1.2574585349487726,483.79947506886487
691,691,188,21.64351851851852,779.774143944042,15.925012090119994,2.490157319112785,0.36526757142146615,429.2221677294433,18.46031764752146,1.225449540007838,0.0008838648599564733,0.1096933611946654,10.176089431910517,8.200763736399544,3.2126239262111396,0.6556449226427478,48.76289765864633,0.20073600089600951,0.3621479393277949,0.5883609926129103,1.1512449328367147,481.01922664177164
692,692,188,21.64351851851852,779.3507356489399,22.204837127888037,3.3453712955076043,0.4657450973809386,412.5959216701903,25.459482834144147,1.7273679240511344,0.0008539832400087593,0.1669196769571638,14.19243143155898,11.0327853482211,4.333544199989674,1.0123850957380696,49.36216236336704,0.24816194497095304,0.5510247873553779,0.8255320186780908,1.6247187510044216,483.96993300431257
693,693,196,22.569444444444443,776.5658870806336,16.42242897635487,2.815084385426117,0.439091443918633,436.6385917263736,19.50724165901538,1.296988262485737,0.000976798689480842,0.1299729418740932,11.030391841730257,7.933150991126642,3.3423892906458827,0.7427501181629514,49.78847678836899,0.19926146019083402,0.40435730223073163,0.6001245990551267,1.2037433614766924,490.47240995555006
694,694,192,22.10648148148148,781.3561307325966,15.278635085492471,2.319697017803239,0.340259226747493,417.36385321862275,17.60413939342262,1.1895191535477847,0.0008997349845551493,0.1250322023395841,10.105064395197438,7.491838323773923,3.052401163208723,0.6445017111364972,47.321582203267354,0.17466634642649673,0.35827077113541844,0.559276514288422,1.092213631850337,466.50298986293
695,695,195,22.453703703703702,779.3197534610199,18.971816308920854,2.889264387749383,0.46204897764084496,427.6876557350193,21.913877549822327,1.5806537104859832,0.0009863348339183445,0.14687466265705365,12.186598816104324,9.422275792943042,3.7954517476162772,0.827782975161562,49.72887171724985,0.23543668975711282,0.4478486804224913,0.6491079330870613,1.3323933032666653,489.03108148611716
696,696,202,23.26388888888889,780.9702910641895,16.48858644784907,2.7107965323226333,0.43609112150214413,439.9136137506472,19.289098081784385,1.4515624397934408,0.0010068937764665163,0.14373794420074595,11.586073993017461,7.517625616482998,3.298679420188562,0.7754606925791113,50.101167179951325,0.20319355753582383,0.38772515289222903,0.5812238572508095,1.1721425676788624,493.19840150880555
697,697,197,22.685185185185183,783.0435407274704,13.720779765036198,2.0705621369646345,0.32052520665485146,467.7978516715425,15.810171568854459,1.1215238666769232,0.00098005047071683,0.11148230893341265,9.535543446824633,5.959164559472797,2.723821899608716,0.6084725153078684,51.80251496002522,0.1537291143028522,0.3239103222104028,0.48707996182240937,0.9647193983356643,511.2100549478588
698,698,196,22.569444444444443,777.8386358527249,19.261154313086646,2.8817098667905374,0.4131650535446412,430.0749802378826,22.170986280448016,1.5022349572777838,0.0009433019609580365,0.1554475334204169,12.774601615056662,8.853669495968987,3.848020518843873,0.811896262595866,50.05126964770562,0.22758862527307921,0.44502863334599957,0.714471866135306,1.3870891247543848,491.3612969465747
699,699,200,23.032407407407405,778.8526905635232,19.07116803950657,3.2631742140354922,0.4831957487361152,404.621574650252,22.526644449241868,1.6352209161524676,0.0009053704057564352,0.16811008345563547,13.119263939541337,9.066130468859118,3.8882116650645906,0.8680510680356216,47.5782244957942,0.23239093047268142,0.4652045233160593,0.6741848302056225,1.3717802839943634,466.9641669577396
700,700,196,22.569444444444443,777.6314290693871,30.835284472609967,4.761576300378752,0.6624074491357647,420.97559116915414,35.58127414633094,2.3463362784631348,0.0009087129883341867,0.2375535186224219,20.363510244821004,15.05371998997195,6.1514601529881405,1.3076325408406515,53.33647899571323,0.3725923968214046,0.6944972441207773,1.0429065339305998,2.109996174872782,520.023740906357
701,701,200,23.032407407407405,782.2933621254282,19.45254923700402,3.215944233203718,0.4805708667590475,421.9735229683641,22.80455485116047,1.5899853666082904,0.000903157970225694,0.1573640116601823,12.932789293700672,9.105790214340331,3.9226077834786746,0.8749196499324111,49.364969619917794,0.21989724681519227,0.4384155414313506,0.6290658965106947,1.2873786847572375,484.8660910252387
702,702,196,22.569444444444443,780.6966806929942,19.186210348804877,3.4315764551559043,0.45732616937053117,431.45368601616855,22.80090426889943,1.492036741506159,0.0009583428030414869,0.14970749076334092,13.352734621552495,8.968588294653514,3.836584022054118,0.9271521029679088,50.27242696054043,0.23258174957102956,0.4374962609934664,0.6775013804083998,1.3475793909728957,494.0523096441202
703,703,194,22.337962962962962,779.0046007400659,20.18642374499889,3.155434448082667,0.4825440968101632,444.38470694256404,23.369060814673414,1.6038072178094531,0.0009631264063967678,0.15948221774051877,13.96449723218645,8.923523928392733,4.072700527485611,0.8482080479407125,51.85849001214145,0.24817464601553157,0.48015024509631443,0.7276398602785215,1.4559647513903675,508.64281986429495
704,704,204,23.49537037037037,783.5697920721033,15.133154977825713,2.3058573618288922,0.35898039058025766,421.401661015933,17.563164742195358,1.1719813224147417,0.0009901787255733826,0.1255214954965747,10.750208775445266,6.230031753594452,3.022650099421961,0.6647118464771328,47.67477451403945,0.17797259056438577,0.3299024350228231,0.5040370009718201,1.011912026559029,468.99061721105267
705,705,198,22.800925925925924,782.9950638643555,21.710029792469033,3.333728427637629,0.5235185956795693,426.3335067011011,25.29744718679835,1.677624772286219,0.0008924033313531601,0.16269827815409713,14.52781843307325,10.549097196537016,4.297162065548859,1.0012675198128533,50.59969637770697,0.26196348570145783,0.5099056436256961,0.7339282736675123,1.5057974029946664,496.39277034235073
706,706,192,22.10648148148148,777.3745013434086,18.130280205010823,2.979407273082246,0.4320695860310654,447.7568131697143,21.125942020090775,1.4939813778735693,0.0009025293699047407,0.14178850303899776,12.575335598349971,8.33838618528151,3.6810686938975254,0.768049251284126,51.48843057456127,0.2286962043785424,0.4533967989555899,0.6833715175965099,1.3654645209306422,506.2141533156055
707,707,194,22.337962962962962,782.08321290862,20.813642916736146,3.2646874817111113,0.44623569640883026,413.70720480074016,24.03763688684878,1.624347588813783,0.0009190735989641885,0.15695301525356503,14.445279582578582,9.616227953673807,4.113712011685848,0.9241489823558093,48.97756109030539,0.25722009913460214,0.5116010096232301,0.7088010867455047,1.4776221955033368,480.18333860333007
708,708,196,22.569444444444443,779.817207826074,14.278267040588544,2.4346116808787555,0.37910603262076986,452.7900421907464,16.994074263492855,1.1448382802336121,0.001004214125247219,0.1096346267452291,10.256571173371379,6.723089195388936,2.9278471572843543,0.6382506993220171,50.617876882008176,0.18032383878907662,0.35712036571608025,0.5078530750957696,1.0452972796009266,499.4660626610277
709,709,201,23.148148148148145,778.7858965775885,19.907239166351548,3.584895716568759,0.5164775746652367,441.3474230742771,23.613602406636467,1.6986654084413337,0.0009704075277055681,0.17129075443883185,14.162469849214782,8.81116833435299,4.07623381185679,0.8963743120566304,51.57403339977416,0.23016403007537653,0.4671761832618433,0.7449599436260399,1.4423001569632596,506.06664112413677
710,710,194,22.337962962962962,777.5573555253994,13.937542632550697,2.257598082758373,0.32905509202459754,434.01262057792144,16.33379510070188,1.0832638544311404,0.0009003752408647634,0.1078138836879155,9.293442630847812,6.878545062941321,2.782380446912764,0.635757391233442,48.549988343349405,0.1594371955790826,0.3486990273917791,0.512573425986679,1.0207096489575407,479.379982149362
711,711,194,22.337962962962962,777.6121303992363,26.677638972191673,3.966723185640843,0.6066345409461499,385.1019396584009,30.550280149105095,2.150167369977267,0.0008213879307872372,0.20168357078479274,17.79823277632931,12.293005949703609,5.210748443460892,1.2191336338939336,48.24620342577457,0.3287643663990406,0.6402120417297161,0.9654583959939234,1.93443480412268,469.9132116661587
712,712,197,22.685185185185183,783.2955758338385,17.034299359081256,2.723261854172651,0.3923552613293324,452.7312002603615,19.717378716890472,1.3911518592025718,0.0010471289161598897,0.13374913369235367,11.793226148008321,7.906611327059266,3.3554857861686433,0.7845761483316163,51.50932160970245,0.20939775370606178,0.3831851781686718,0.5974465022401219,1.1900294341148554,507.36114626932067
713,713,198,22.800925925925924,780.6871372634532,17.115785015658712,2.7674464578193527,0.3851534852451274,429.2335499106203,19.92751619117487,1.3399094878117535,0.0009501944198789883,0.12817804190683912,11.507116453332602,8.060586487948513,3.3916874234824674,0.7832671188201785,49.21265270327251,0.20513186465175454,0.42536024490163626,0.5900068854222474,1.2204989949756384,484.3545288098837
714,714,196,22.569444444444443,781.9147259617116,22.174943235678626,3.4513543634327974,0.5141306854298416,448.78309294892216,25.489602921602845,1.8762982455985462,0.0009110742152161257,0.1835810356777718,14.9672348255092,9.914723700157776,4.385430636154921,1.0003870901348764,53.0080541933434,0.2678707917696099,0.5527784753563365,0.7746017892180329,1.5952510563439795,519.3697069933494
715,715,198,22.800925925925924,778.373354429257,16.137318920214756,2.6150005572587696,0.39221444233638886,469.65597173076327,18.8059838151976,1.3814640688359607,0.001005962082230075,0.13521665545636935,11.36991578745189,7.4844779960920755,3.2082601282258865,0.751063337629436,52.91692089947449,0.20184486205285365,0.380903486878932,0.5635194344662618,1.1462677833980475,521.7142453974908
716,716,199,22.916666666666664,779.025760319011,20.183764325318556,2.9512203702993545,0.47060320369011666,435.4352195605895,23.202995660329552,1.6651774172538858,0.0008984828747887932,0.1803382635136102,13.561146264259909,9.444727670641418,4.051328996234514,0.8520747584851519,50.91860125738483,0.23473500435976843,0.43467981580188775,0.7042188588515514,1.3736336790132078,499.8119823882437
717,717,197,22.685185185185183,777.1936461624583,24.514648528470165,3.8375244774250574,0.5710653800782945,402.1170704921398,28.35012329796443,2.0937935073430998,0.0008577150159811295,0.2103713862386427,17.200987908132106,11.321446156021574,4.873632939639799,1.1136984995080412,49.231389971864154,0.27728931078212116,0.6049781593861779,0.8779950469690262,1.7602625171373254,480.76449489698217
718,718,190,21.875,779.4403184325076,16.512108278174676,2.551459874354287,0.3644626326990728,449.65642110727845,19.12238238351654,1.2400581144300546,0.0009432245645032471,0.11259584726129117,10.794368414520294,8.273416161161654,3.3067577879751435,0.69938114481261,51.02174702252964,0.19819552805524074,0.4028840978571273,0.607269317107526,1.2083489430198942,503.0483354992481
719,719,189,21.75925925925926,777.1194163594337,22.620267142673256,3.4961321411889896,0.4886099567209837,422.0843059547705,26.118240324056366,1.6754484550297986,0.000921103974800058,0.15392837839302112,15.522908380799661,10.177078198994412,4.531808489677634,0.9362222954248101,50.47734550328323,0.2707753086155697,0.5590188650494147,0.8031070640210874,1.6329012376860716,493.9158636785907
720,720,202,23.26388888888889,778.6019672864052,18.000013766243253,2.8561024129573513,0.39684455955276604,460.34284740033297,20.80390127820325,1.4629945031280183,0.0010097280249610975,0.14134586341708613,11.659312584337579,8.555644643601326,3.508001947847971,0.8564190720576258,52.59589529678357,0.20690631707558027,0.40411723969239477,0.5925769287482101,1.2036004855161853,518.1287256608828
721,721,196,22.569444444444443,780.6519134828925,16.48870031341787,2.678957914177524,0.39244366802114783,454.9412569236399,19.350272588402852,1.30070845909605,0.0010235017727599851,0.12614372070502722,11.34994864374283,7.736340644682681,3.282764018517898,0.7641116790129248,51.583890103940675,0.19796056412324822,0.39513275446346785,0.600902689607448,1.193996008194164,508.2567194396408
722,722,201,23.148148148148145,783.2002160004381,20.48249047490369,3.207710082943599,0.51704477869771,391.14465804346423,23.805113226733113,1.7205268958585236,0.0008918476368511802,0.18295691428941419,13.750910064945625,9.571261948937318,3.995216204952111,1.0126416578410462,46.638914131258595,0.23074200656134167,0.4809536385905628,0.7075207688743246,1.419216414026229,457.0597284902839
723,723,189,21.75925925925926,776.4926520860784,24.621221220049904,4.101751070366541,0.5486312411026214,406.0278462546545,28.77714354187922,1.9269506920672277,0.0008323772085715457,0.17983642239015174,17.645640513877364,11.232754089689143,4.9156131999342465,1.1148427595608423,49.69272488887012,0.29861909819035753,0.6342543172151369,0.8773150146083698,1.8101884300138642,485.2576112989168
724,724,194,22.337962962962962,779.5829229118648,22.591216872710252,3.426219201592876,0.546351999438749,410.6527774639828,26.211544436818063,1.7524392620081717,0.0008799813563223554,0.1693024627822895,14.773375724602252,11.226969547429897,4.503299154117139,0.988738987037987,49.35906314477566,0.2662784795357878,0.5550228458601197,0.82301858354722,1.6443199089431277,483.7140592782177
725,725,191,21.99074074074074,782.5426566680923,20.030334941910404,3.280695797593456,0.4629880418952616,388.86156151032475,23.377127291644232,1.5895408080239293,0.0007779801777601524,0.14193229271367222,13.148896912653035,9.892247018642182,4.015805567613163,0.8923775274750108,46.2724891182865,0.23328966080972707,0.4796182052958267,0.7268387338180876,1.4397465999236414,453.98513537793735
726,726,193,22.22222222222222,777.6971356065965,24.249943338541144,3.6535591656180273,0.5818692647997961,378.9273603864356,28.022988828017155,1.8649354744353515,0.0007899622141016251,0.18962569651651293,16.3848776116318,11.254984198494581,4.773307389901924,1.1026131944502715,46.755553689439466,0.27210300629454287,0.5871871112370822,0.8434454357701892,1.7027355533018143,456.32471245272626
727,727,188,21.64351851851852,777.4647110551491,16.508175187991693,2.4503269618154087,0.36128773551859705,457.2286687016585,18.865758446177956,1.309092870187386,0.0010078802132074108,0.1179580706133196,11.483565338485016,7.349542064141781,3.3044226812344193,0.6668701666226983,51.73646988680518,0.18920080914371842,0.40689083407945015,0.5902497203617965,1.186341363584965,509.3494521297598
728,728,195,22.453703703703702,783.2496311417846,18.069798964696474,2.7856808354460556,0.36811080481928876,424.07475280424126,20.79748237811072,1.3836950557534269,0.0009579876279815221,0.1394829517536541,11.93795625127719,8.405182390889172,3.6067536925150936,0.7563798585621134,48.99709802977972,0.20571222481556686,0.4050970110034302,0.6604310726923297,1.2712403085113269,481.65951803292666
729,729,198,22.800925925925924,777.8988413732446,28.355599937314537,4.37947915009622,0.7245633739647181,428.3344882245865,32.88541744526737,2.4528164839109863,0.0008948360422700219,0.22512614718966853,18.355542233195077,14.08261100791565,5.600226984627764,1.3296034155420453,53.25190826274766,0.3384416139553439,0.6362689659008006,1.004286530409756,1.9789971102659005,520.3498241167237
730,730,197,22.685185185185183,781.5827319592901,12.792483327910157,2.255255760126494,0.340660456429384,435.78596845212417,15.195043714590252,1.072303504082452,0.0010170297431498115,0.1092862154204462,8.753242139201356,6.044997625073576,2.615136671091742,0.5769556474914732,48.35928361335767,0.15028729166662486,0.30474561441811127,0.4823795689789823,0.9374124750637185,477.726520879147
731,731,191,21.99074074074074,779.2565592733516,18.73269623213335,3.122296563765742,0.434719400759064,434.04639174634667,21.97199850670729,1.4399182150563556,0.0008440791231120608,0.12672348680521106,12.724834297983056,9.375602369653842,3.809975482171495,0.7866447784550555,50.328806412792225,0.22688795658390906,0.44224510920368476,0.7074649775993046,1.3765980433868985,495.2244089043641
732,732,191,21.99074074074074,778.6781222858663,18.198927009380007,2.9114824811165194,0.43906459449894897,471.8284712620914,21.269322716301108,1.3215340057958296,0.0009540537674322679,0.1224705877167647,12.746523368800498,8.610264378154387,3.6688749215931606,0.7741954881830831,53.8703843931353,0.22157096601142318,0.4267749144965307,0.6382424716493726,1.2865883521573265,530.432149850756
733,733,205,23.61111111111111,780.9862660707596,13.151287037167979,2.1932319044191564,0.3378376163504899,449.98217366822655,15.471904073044808,1.053525449636281,0.0010171846031923903,0.11537264270922519,8.96048520994957,5.847595835596414,2.622582707243392,0.6243249297395974,49.85330777957,0.14969840899639075,0.28937323859242153,0.4489709949795487,0.888042642568361,492.28889569130547
734,734,194,22.337962962962962,783.4938931095239,21.541902111233334,3.428548433611879,0.5625566992494043,416.21244500977633,25.20063656470757,1.8062270045516822,0.0009407742199212077,0.17096071954894984,15.322599968824695,10.137256993038296,4.36999899461239,0.9371850897020118,49.599685800910585,0.2665506833881522,0.5056074619292968,0.7947115652740805,1.5668697105915297,485.9355281048433
735,735,195,22.453703703703702,779.8613973195497,23.336011017428167,3.8274809546455373,0.6260070507724664,406.6469142993681,27.426815061878937,1.9437535785298898,0.0008219344496445148,0.18102300152220038,16.28986599241982,11.330818631701769,4.714190781645241,1.0558910950381302,49.31749063774453,0.2784749926931011,0.5791320448118399,0.8063815363784763,1.6639885738834173,482.75371598086343
736,736,197,22.685185185185183,779.6736777580511,19.235625679392886,3.2839434744880314,0.470471993340683,445.87391213823685,22.72679006523516,1.532677185736891,0.000997755129456058,0.14935428107056858,12.776477679591599,9.838208883274921,3.858519950197559,0.8981668394690482,51.71856871218861,0.2301111657038769,0.47368271783547056,0.662655027851637,1.3664489113909846,509.235117156963
737,737,198,22.800925925925924,782.6960624955432,10.238985454573681,1.7754708068511291,0.26364469758177717,486.82148225184676,12.132768909339616,0.8367095533546883,0.0009930836018247832,0.0896157871917163,7.255138624368128,4.721196120179749,2.0933699657347375,0.4607955841978285,52.49661381547576,0.12300557355747394,0.24466409437949752,0.34869849843017564,0.7163681663671471,520.1514003808206
738,738,195,22.453703703703702,780.3481825787479,21.66059876076675,3.3811788945673786,0.5209267372735332,446.8365596613124,25.15086910190432,1.6931790199016226,0.0009099714000541933,0.17523718744162453,14.607251184152602,10.50324629032159,4.265823466593234,1.0042590589854796,52.63477210511759,0.25407188688204035,0.5206687735420449,0.7857858163363804,1.5605264767604656,516.7533146272283
739,739,195,22.453703703703702,781.0115019491898,22.178466012838893,3.3190749327116715,0.5344319104977594,416.91791381075683,25.39754653223906,1.8863777993565947,0.0009640221432399772,0.18187747001013513,14.877504315736548,10.18096139085441,4.373524750126741,0.9918250371686517,49.79065104500109,0.26148100819186165,0.5121607065737015,0.7889742711317584,1.5626159858973216,487.5255796546013
740,740,193,22.22222222222222,776.9989095100083,21.85016794831918,3.481188343017702,0.513235634370392,428.2661452525606,25.483540640810894,1.658173788595884,0.0009738642123130822,0.15946368993520693,14.874616532754033,10.220651170451978,4.271690091934088,1.0423749460145562,50.83564621667496,0.25680616220484287,0.5409424455032945,0.7475539942262094,1.5453026019343468,498.49290797215707
741,741,191,21.99074074074074,780.6481049563885,18.57132119609833,2.955092479181577,0.43467903535557467,390.1439906234753,21.622262900428165,1.4598417312698575,0.0008257332282788108,0.13493378533163627,12.499745141944157,9.322414069055952,3.6508916369513766,0.8782824880754515,45.82756725469137,0.2239562952835368,0.43054367864828674,0.639021079726268,1.2935210536580914,450.4680567321096
742,742,195,22.453703703703702,783.0508270198726,13.816363047914038,2.1542952277184098,0.3126892191763628,440.7970523591007,15.919262454598924,1.093792511943188,0.0009648807693122738,0.10831189637321582,9.40612178706643,6.297463233780318,2.7143111445831516,0.6302206970146975,49.12175643091496,0.15555035981547657,0.327439569745028,0.474231429880821,0.9572213594413256,484.8019480324137
743,743,192,22.10648148148148,778.5306248439887,22.98791265866979,3.238872968753102,0.5017071719469915,408.91617034111135,26.259661024403563,1.7016532912710471,0.0008521727150801742,0.16049023603141702,15.041072470012399,10.969725596358243,4.457672716807277,1.0291135732011314,49.21446860809598,0.26530584824545045,0.5609573315182003,0.8018399054164931,1.6281030851801437,481.8519348364491
744,744,199,22.916666666666664,782.6634462038139,21.987352850573355,3.3451938778464987,0.46844423109897326,432.47040089136306,25.139655448659312,1.8678374323247282,0.0009311849112929218,0.18252742220927595,14.604811372263436,10.352202288660894,4.351834980399048,0.9629752563905126,51.272799858907405,0.24336205588507093,0.5232723000653579,0.7855300316986402,1.552164387649069,502.681520252086
745,745,199,22.916666666666664,780.3182469685759,17.841569772264023,2.7527836750804426,0.43431000245982354,436.23893704872825,20.582584506749136,1.5735902390674146,0.0009563883008820965,0.16426883808063988,12.183312230842509,8.068434772579446,3.5953654062768274,0.7612331406543077,50.186091902752054,0.21858712825732873,0.4222696176913565,0.6362422653291775,1.2770990112778629,493.29113280151915
746,746,198,22.800925925925924,778.9850097080815,26.15997588605533,4.115920616412012,0.6294658703598661,390.4356010572146,30.38942580892218,2.100470253728091,0.0008353166800242815,0.21309984659934053,18.05098821250925,11.704219835224364,5.260301820461727,1.1214301337325965,48.641305733948606,0.30668943933335346,0.6127412204758745,0.898799902091663,1.818230561900891,473.948977007291
747,747,188,21.64351851851852,778.0108669390512,25.269981512915866,3.8646502975178483,0.5487112669006273,419.53571692012025,29.154947586771396,1.9505746440863319,0.0008445225475802075,0.18865394898041496,17.233414434755822,12.22486123463906,5.035903759170658,1.0762353687262691,51.19849275518199,0.29847036413240496,0.5811554056347649,0.9560826665402693,1.8357084363074392,500.6867894986837
748,748,194,22.337962962962962,780.0434918111176,27.89013761147011,4.417491873256838,0.6566070450878736,425.533198020158,32.199260841739054,2.4333038986590334,0.0008808820696517497,0.2192657050099955,18.953491696768253,12.661378633184356,5.537477908139593,1.262544419081131,52.78993810992518,0.316043325131784,0.6633080712392575,0.9830189658763572,1.9623703622473987,514.773917200103
749,749,189,21.75925925925926,779.2371951065402,23.484155921673352,3.5726132163631275,0.5800889221184191,412.43542134598766,27.176858530011355,1.8445299150004186,0.0008786751156879079,0.16591208725889686,16.503736296834216,10.968475283688674,4.648184506121892,1.0597494699242682,49.84696216355319,0.2664824989393584,0.5435230806959759,0.8477836953371535,1.6577892749724876,487.5946571482363
750,750,189,21.75925925925926,782.0806366971603,25.717726187466774,3.7551746808789472,0.5164392397525293,446.4013943520998,29.21717152968695,2.0756804882672113,0.0009241197993678921,0.1932070145965623,16.47017445354685,12.97511866624805,5.017538365762788,1.1389987219309028,53.96974085837293,0.2907068521050142,0.6191449281336818,0.9122443310418253,1.8220961112805214,528.8314694777704
751,751,190,21.875,779.3543435666993,13.548235194674408,1.9011014699878952,0.2911713408116433,422.5492290982092,15.416673342850737,1.0752056760087219,0.000941908753631828,0.0996316240352268,8.49843809373055,6.929288285760362,2.666182929515568,0.5770267435693419,47.16016822396524,0.15970592280389864,0.32029381144971786,0.4509460887523555,0.930945823005972,465.98563343718274
752,752,194,22.337962962962962,777.7971771055943,11.762950907200088,1.9357531973821112,0.31741667505758553,457.7674815938221,13.89186753139403,0.9548757788444957,0.0009912630486034642,0.0925137168537381,7.839488490137814,5.934553282935569,2.386490602099008,0.533596274979782,50.145541400736185,0.14147223250070945,0.2729470742017147,0.4110694010405456,0.8254887077429698,496.40397953136005
753,753,199,22.916666666666664,777.9618558002796,26.65441341803105,4.056250759016531,0.6220525921250999,433.59457192529504,30.73477565581605,2.211746985149434,0.0009643724189202041,0.2245221012048275,17.77688037973076,12.508724281846806,5.210990947357493,1.2581947758514018,53.098508737795214,0.3108354617999382,0.5983866905543516,0.9223671817478822,1.831589334102172,518.9087971482148
754,754,202,23.26388888888889,780.2577450538691,24.449784947199294,3.832668793114719,0.6515199702425561,397.7131422113573,28.61709410650048,2.0210056519834936,0.0008875341371642316,0.21216428984133218,16.38667514270958,11.10006519792439,4.882011532265453,1.1345290026239967,48.79458849016478,0.2828773334118632,0.5724063432477999,0.8470049276423512,1.7022886043020145,476.3171618414922
755,755,190,21.875,783.3828637721283,26.70347048058613,4.492884903976559,0.6392248168008685,410.93570213989125,31.29439643940593,2.1800346143090836,0.0008672887351095117,0.2127987912885123,18.528818094816156,12.550661255059733,5.363557327168391,1.222877807931658,50.98536151921087,0.3303096149660794,0.6441660103120302,0.9497944415796898,1.9242700668577997,497.5207459320109
756,756,195,22.453703703703702,782.0432846386847,22.112059876924338,3.881000501117172,0.5863268448408645,370.2061716427491,26.255810747057296,1.8355955051500918,0.0007813720081697581,0.17710582076375722,15.104147338289522,10.737474442145935,4.481792882018102,1.037822697456612,45.290902228665864,0.2662464119849737,0.5233030875042081,0.8451883708860031,1.6347378703751847,442.94668020260656
757,757,201,23.148148148148145,781.5982302501327,21.643051480527042,3.2459354871654766,0.48192222856156924,383.7951178317168,25.013640446463295,1.647562831192075,0.0009066682246783052,0.1709649090165647,14.020511580193011,10.207768144757082,4.324672096387669,0.9211929756253909,46.28657420673828,0.24538532935224158,0.5234245415807417,0.7369240790695439,1.505733950002527,452.9584690496402
758,758,195,22.453703703703702,783.2124366835809,19.37052009076761,3.152060917077301,0.4555935923298481,432.2901034629473,22.612533968500102,1.5130151384714356,0.0009721117866374188,0.15280300463091473,13.360920356770304,8.831321215973293,3.9063413802189224,0.8425642440583603,50.369106409291874,0.22943852576924723,0.45681470098957416,0.6899238327657415,1.3761770595245628,494.5040061862862
759,759,201,23.148148148148145,781.2590456992734,13.409741181172567,2.0527265322101704,0.3178361103490753,424.6037548114263,15.43836810923069,1.1401278060719835,0.0009066356979773182,0.11429068259694893,8.886552559310385,6.2969705188925955,2.663182616280714,0.591345107233949,47.36290442591466,0.15238001543988647,0.3190220724440205,0.4589830731467078,0.9303851610306146,467.55963527219353
760,760,197,22.685185185185183,779.2135129734801,17.634455990700168,2.6924728875192945,0.4334000933124,401.53543271634965,20.3439645212847,1.456635839005424,0.0008387294571204177,0.1411952484539807,11.885497461468484,8.474674463413344,3.4927076934126466,0.7906381289009213,46.60377648235599,0.20124051937699075,0.4200138834964172,0.6012964739066944,1.2225508767801023,458.2189671885898
761,761,196,22.569444444444443,779.2163983214411,22.645059055151226,3.537490257337047,0.5102984641846331,408.7249996821392,26.20657780949231,1.7946763018644,0.0009248804194565645,0.18339292075919872,15.046178991263545,10.848990092719324,4.464307101906406,1.0331778685940063,49.16677724731419,0.26176031808522976,0.5226038374837144,0.8286249446877971,1.6129891002567414,481.562883534824
762,762,197,22.685185185185183,778.1994995079048,22.74307431035467,3.6605956277002476,0.5711055959499389,380.9277572955446,26.752672053238978,1.7755640908750676,0.0008615270713238053,0.17884287230621182,15.90746110325507,10.572122659171516,4.523265626035686,1.0783720401270354,46.490698845488815,0.27493196581545076,0.5253615329875126,0.781458073124801,1.5817515719277644,454.36598527030304
763,763,197,22.685185185185183,783.0871344730532,22.96886721622081,3.571210449438091,0.5767736599720352,401.68702362177135,26.79651282161906,1.8343866087381693,0.0008633867168892447,0.16809564743013408,14.891836638544701,11.388825404151149,4.582363067203916,1.0387678309143844,48.60685372317836,0.2523500394466393,0.5304033985246317,0.7934094143343343,1.5761628523056053,476.18985256648153
764,764,193,22.22222222222222,781.2467001786604,16.644271119918475,2.514654914727962,0.3930282266740137,421.88287362252004,19.33647606386632,1.233109691211892,0.000851827378497841,0.1205832274103331,11.369112753662057,7.897818925094507,3.258592044121592,0.7759032300416556,48.2617267200043,0.18696029109098417,0.36586270037862517,0.5820769224612837,1.134899913930893,475.1930628068962
765,765,202,23.26388888888889,779.5826352166736,15.115988912939624,2.527307319701953,0.40079105559688455,424.51385688013596,17.86228679679464,1.2578476492356652,0.00090834363218648,0.12649039394275163,10.461589760182683,7.222169786373151,2.9983736770349965,0.7449129664940242,48.06138678419459,0.17491293525300683,0.3462360067181796,0.554958819719717,1.0761077616909034,473.8470415435728
766,766,202,23.26388888888889,782.6966440065634,16.60761484729939,2.5905439817363334,0.3909355735136028,396.85118287816465,19.09146472990219,1.4704271232623218,0.0009136618301938466,0.15267341053427014,11.35583672925571,7.284370865421948,3.3152706304314195,0.7282797658337256,45.77237678131168,0.18146469776908258,0.39279453366806083,0.5861850488662796,1.1604442803034232,449.64412174823343
767,767,195,22.453703703703702,782.9307016604308,26.012208883668613,3.9954335990232477,0.5758469654392077,435.59812019947935,29.985018900379327,2.0624060643450974,0.001012618978344028,0.19963877018217652,16.799497528536694,12.981311987380584,5.203714648825039,1.1067853391264377,53.08742253433317,0.315134879818879,0.6321522940959899,0.9190450626514781,1.866332236566347,519.5878302133937
768,768,201,23.148148148148145,779.0991946461265,14.048529603936768,2.244066594980774,0.3526675639659065,455.8026185386166,16.392809215474728,1.1419863384151632,0.0009424083804678477,0.11380672093328781,9.418150409736096,6.692615058897224,2.8142490003941134,0.6286994871494131,50.75618631287612,0.1649611191694736,0.3420794920128194,0.4872715435972533,0.9943121547795462,501.22730268592403
769,769,188,21.64351851851852,778.9041675364307,22.23477714502164,3.327620311118477,0.5040264746967134,435.2028929624154,25.648020217600724,1.683947974665953,0.0008955985664231923,0.16344829596285051,14.491368062353628,10.684622829020235,4.346403297434806,1.0184823253013413,51.635274494255185,0.26413434930919316,0.5580079472980413,0.773681523924063,1.5958238205312973,506.4109612523358
770,770,196,22.569444444444443,779.5086030250745,23.542155750854228,3.699381513714168,0.5599319298925561,443.56862357971744,27.372382971938777,1.9765166379784944,0.0009639908717567897,0.18196121445579524,15.839137759275552,10.978981041639626,4.705247361077252,1.0593538955668307,53.028124188367585,0.2716941470800729,0.549656700918941,0.8527249055353331,1.6740757535343471,519.3195756412412
771,771,188,21.64351851851852,776.4093850602424,20.030428810158046,2.981652167624934,0.4521788310303661,429.2015491177358,23.03288969861848,1.5206406288854482,0.0008923258458413379,0.14909445956049125,13.40456578364693,9.88952952166643,3.905758341815078,0.9122920592620315,50.21248067447874,0.24878129127594445,0.4653054507476686,0.7138904719529112,1.4279772139765243,493.5048831761795
772,772,194,22.337962962962962,777.1186025456733,20.166660001311875,3.25227503583376,0.48379112151279335,447.55811475302085,23.524813351881036,1.6090922197650381,0.0009412096707068567,0.16308731623251002,13.751990912923846,9.622586540232307,4.100081203344303,0.8476224778952356,52.19624144926143,0.22984889126163993,0.47696540282962074,0.7357926531469501,1.4426069472382108,512.7716721779387
773,773,196,22.569444444444443,776.992705619891,19.932205657409952,3.221330025711446,0.4579032640220221,396.9120675478801,23.192790135456484,1.5775106217538213,0.0008664235608966357,0.15656917306448817,13.573785958835915,9.178930683785183,3.9199159740909653,0.9423548277374815,46.99669955595522,0.23046808031751972,0.47173036526950723,0.6614422622849739,1.3636407078720008,460.85608504234483
774,774,195,22.453703703703702,781.3214327733316,20.75291108796667,3.3197891713513994,0.46965448668775917,436.4798745388969,24.288923500391817,1.5490624349823856,0.0008883328924324376,0.14819738993343995,14.105295859268598,9.826640635014668,4.105003029590491,0.9632680896587243,51.277064414215666,0.26077949331349093,0.4892400585085808,0.7212372126630145,1.4712567644850862,503.37546946185176
775,775,198,22.800925925925924,783.1409443815512,19.107129901077915,3.061273906434753,0.4315063397368023,416.8153387977094,22.282809798693037,1.4302594100425987,0.0009311748403560971,0.1426478720873064,12.754773514251871,9.218051712462241,3.7326657055234023,0.924677448941155,48.69162704151779,0.22836935617044474,0.42649967230017033,0.6846370841793923,1.3395061126500074,478.48679818019895
776,776,200,23.032407407407405,783.4982722531292,22.688144482104843,3.5569094080136763,0.513470930244696,437.415008485562,26.194524624870517,1.8541195750761414,0.0010652522964197926,0.19166662948941807,15.770042560420656,9.98862510436856,4.51562403188168,0.9990373261368065,52.052251189594976,0.252651496232782,0.5508875959678088,0.7942625284351789,1.5978016206357695,509.51599747068053
777,777,192,22.10648148148148,782.2085698857859,18.90775524123697,2.9986725002224444,0.45242933707344624,444.15334433504074,22.02603940015874,1.4191265255016268,0.0009688950904756531,0.1358446895027511,12.550132903025473,8.778274333160402,3.687268064114568,0.9098744044953838,51.348030393095925,0.22460192680514504,0.46336164786799255,0.6598484461092611,1.3478120207823987,504.81740974637995
778,778,193,22.22222222222222,778.2357845663363,16.233779013318767,2.487658092517802,0.35150458468867235,434.90560092034247,18.726673339638882,1.2521013798019724,0.0009640656348526594,0.11485130569719933,11.200055849269868,7.431348312338602,3.2058810421221398,0.7224439949005759,49.42606361177883,0.18679656474937348,0.40450242367091627,0.5717330763978556,1.1630320648181454,486.59583811582
779,779,198,22.800925925925924,777.0960252487729,13.25668619734193,2.1305744905767225,0.30935591664580225,405.4967697096816,15.409164245339698,1.0758280108880796,0.0008560216602703778,0.10642602342343105,8.614690005452298,6.747341640985424,2.647170954189143,0.5933190478739516,45.42500297410281,0.15320968363668638,0.31169436874550865,0.47196680015523745,0.9368708525374325,448.7103631111435
780,780,205,23.61111111111111,780.5614384894754,18.426804975645755,2.8181761298497507,0.42998812725836794,432.09928566424117,21.220850020731017,1.5360270423476055,0.0010042654238497817,0.15655683547024904,12.799787424252196,8.163535939390227,3.617420347604102,0.8510357924486831,49.943911637907384,0.22330747882450347,0.42982104780007696,0.6282243032720999,1.2813528298966803,490.6020379703074
781,781,191,21.99074074074074,777.4654308522107,27.449146669639656,4.16280591689312,0.5926646144419475,378.8036090526144,31.57757095888708,2.169557734486803,0.0008278033625654442,0.18847068872911632,17.967235038819798,13.408490465878101,5.450845751062869,1.1766100373890582,47.89854822082104,0.3388720311683436,0.62523741764267,0.992911339503255,1.9570207883142685,466.937620481699
782,782,188,21.64351851851852,776.5365600985948,14.393127494137797,2.052847054489389,0.310545438561031,431.8069433353232,16.366952694090163,1.1244501948853458,0.000958451619694903,0.10621604124698306,9.330149204101184,7.212874883074463,2.851528116879067,0.5924852304282517,48.4043957417721,0.17123565352701414,0.34135973626098337,0.5188449481473771,1.0314403379353747,477.85036927267066
783,783,197,22.685185185185183,780.1944130768089,20.6464687967728,3.101380379674904,0.45255285047926447,456.222502173513,23.66349310886386,1.60544701726929,0.0010104768359571663,0.17264395901014465,13.360587223804014,9.899958708778732,4.112449978868124,0.8620195512307206,53.135779093053266,0.24642484211492188,0.4716967129224338,0.7194919780712166,1.4376135331085722,522.1775405344052
784,784,191,21.99074074074074,782.0570867781533,29.438044585367088,4.552255682390846,0.6322721669992256,428.81088088644594,33.97129066338018,2.2549172394811197,0.0009139358300995871,0.22835688180853397,20.013850875045645,14.20309293313676,5.84822717031248,1.2738765801595806,53.620217883738185,0.3288881063507061,0.6898962157907452,1.0212810902367593,2.040065412378211,523.2541941376902
785,785,199,22.916666666666664,783.5838564221077,21.149181042119373,3.279762311575643,0.5045169443942189,407.2779935390985,24.539060659462407,1.747142022754442,0.0008324124574226446,0.17237253098468594,14.702067665083423,9.480075010939537,4.1126703441400405,1.0348971877181916,48.47573938235846,0.24355995732226796,0.49413887980911714,0.7333750791669018,1.4710739162982869,474.7695779219426
786,786,199,22.916666666666664,780.0584517902114,20.51420308178476,3.398152998017197,0.4992412342439778,398.60323281599574,23.90884160682068,1.77988225053423,0.0008792394355107134,0.19118319589840965,13.480483799935934,10.345687345529273,4.10148699479814,0.9422581553720618,47.44094413126865,0.24932549391919645,0.48472429218608454,0.7370271572898616,1.4710769433951425,465.75612586182507
787,787,193,22.22222222222222,782.2393879872302,25.654593186189263,3.9743687837687824,0.605289083420982,390.8593723897134,29.728768864119257,2.0069488135729894,0.0008042203922620151,0.1915476410012318,17.36834241574715,12.178898051536917,5.045942537523239,1.1826008532694636,48.48221588108807,0.30163892240849827,0.6170505738736918,0.9063890876726324,1.8250785839548225,473.2542130084626
788,788,190,21.875,782.9023960714908,17.482718501808126,2.8104751398383785,0.3922942358346386,462.78036313029673,20.3107079966877,1.3278589524381665,0.0009997625037881084,0.13914562171216602,11.675417186482886,8.072077981670658,3.485060696473184,0.7718203627697512,52.68940411035435,0.2082296632419869,0.41268910866348274,0.6100354338549449,1.2309542057604146,518.8044765877937
789,789,194,22.337962962962962,782.4268957313168,22.063707298421733,3.4137254531755135,0.5406400445584341,396.5617297461646,25.636127425695868,1.7580095060886693,0.000906029446939317,0.180165515471678,15.169754550359134,10.588496811408277,4.406969135856948,0.9771361419352825,47.75808218035772,0.26315831163563275,0.5410134102785139,0.745625848106637,1.5497975700207838,467.6774106782447
790,790,197,22.685185185185183,782.0367283508938,23.67341093143684,4.053923538871688,0.5894516237094451,387.31961707113163,27.720113731905013,2.062642809169831,0.0008782811957993569,0.18735196024340864,15.524091577545478,11.785029608132982,4.742198160727408,1.1067973366517232,47.50139098340411,0.27873507255440894,0.5713444474618937,0.8259589217052752,1.676038441721578,464.91745349489736
791,791,191,21.99074074074074,776.5294742158982,15.074623121649196,2.5542629334537255,0.3708996306287455,439.4901162033135,17.73943106484517,1.1745693822753047,0.0008841688328796285,0.12119717881004512,10.238132954694493,7.4603739008630265,3.0546526582014835,0.6655444651194218,49.53413115311041,0.18349903201101686,0.35514887675069745,0.5445645072783727,1.083212416040087,488.78976712403266
792,792,193,22.22222222222222,782.6895466159027,25.12102709172108,4.148026747343646,0.5925832712799478,407.53297285512497,29.325716556166533,2.030369305977607,0.0008476925443497698,0.19838700789614766,17.178777014764158,12.087470946033054,5.014585587912952,1.1468951100203928,50.02275751449355,0.3088485893427513,0.5853566111513293,0.9114821385228428,1.8056873390169232,489.00456951103763
793,793,195,22.453703703703702,779.617328756525,19.182441066598507,3.095218677940756,0.44280000194754665,394.174301041479,22.441008441885703,1.4399591253646307,0.0008635360325627772,0.14045492492940354,13.26246378110518,8.970991507572018,3.866712990807791,0.826765797267128,46.473145974958044,0.2248647849927969,0.46340245646857275,0.6571660193730734,1.345433260834443,455.9269503726595
794,794,191,21.99074074074074,781.8295368838343,22.999228065122416,3.4835658082671705,0.5119049215248553,397.3085962202415,26.61416835767995,1.6847168649257676,0.0007750073953840877,0.1541128053884139,15.53618301092794,10.563093135814267,4.509311725263546,1.0446329255963567,48.12282380838763,0.27485438508451804,0.5464711104571246,0.8092706529169509,1.6305961484585936,470.50470198567814
795,795,195,22.453703703703702,777.5464852911884,17.7038735187525,3.0082505977311853,0.4459303767399502,418.77742394749737,20.792347514963723,1.458715780765704,0.0008988695109066776,0.15066984007175035,12.282194753410964,8.528166947097876,3.50634365364388,0.8627721286038924,48.43373639336959,0.19990862621469443,0.4430769343203337,0.6191079682432363,1.2620935287782644,476.497486704157
796,796,191,21.99074074074074,779.0728072889051,15.868401389590034,2.6961526243955647,0.3596791587604171,434.19817908531127,18.556718729985338,1.283177968513342,0.0008699254730851514,0.12148410259619825,11.024517793045483,7.165972426651417,3.1835980131113666,0.7115116289855729,49.27490317650347,0.19072632902869988,0.3765861804017639,0.5634010872859022,1.130713596716366,485.2764586500899
797,797,202,23.26388888888889,783.294045880038,25.512246698709063,4.041119074042378,0.595140648068945,395.7317667932538,29.54327119013512,2.2269176198218967,0.0008808305362951518,0.22490596146974973,17.580186785772103,11.100394205917073,5.083148104461551,1.1576151231159941,48.92813974040445,0.27281511652447077,0.5620386984126644,0.8711315293980314,1.7059853443351667,476.9233915938671
798,798,196,22.569444444444443,777.4018406984882,13.17881632599331,2.187577957253113,0.3613158368663301,454.8497882673734,15.56258295942393,1.0763980737168857,0.0009756215012515025,0.10458893883130956,9.190600636684227,6.473023647452831,2.666023166183676,0.6022242532986398,50.38190703116059,0.15197738492656057,0.31501673033286887,0.47482149789692496,0.9418156131563544,498.00513066105094
799,799,194,22.337962962962962,781.036821411034,13.557185952775473,1.9397523233793406,0.29306984097505245,441.17873111886064,15.481770801727826,1.0362489205574625,0.0009470646269870767,0.10567098874676724,8.743621737951132,6.438131142352952,2.6214353262336787,0.6276275130680046,49.03983194396074,0.15956356873857322,0.30856497275450234,0.4930150872809951,0.9611436287740707,484.2417146220782
800,800,197,22.685185185185183,782.6959746793356,15.701914114621383,2.546813495647129,0.4175337935541121,433.03224616649527,18.36637076684621,1.3526349660584012,0.0009335345068821136,0.13602125198328957,11.175667304456972,7.260774733310453,3.1729856721046756,0.7061804310831084,49.117054872456485,0.19240453499339424,0.37834876019333685,0.5337095568042882,1.1044628519910193,483.7988717782019
801,801,203,23.37962962962963,781.7307021415742,15.643305486307318,2.4350055592177946,0.3461947593438038,437.68701520293246,18.07242276813279,1.2348123332770775,0.000979649179943551,0.1268296003165201,9.89631779093001,7.629375693317685,3.097909826962657,0.691743741358343,49.45868424101744,0.17361422916564787,0.3347869124841921,0.5097764455394119,1.018177587189252,487.98377220753565
802,802,195,22.453703703703702,780.7275657475873,22.507147012464085,3.5362027913029745,0.5054937075922877,428.9530649033866,26.154614250468057,1.742913301617557,0.0009836783191144542,0.16962470762013754,15.311897900073827,10.841288284973837,4.392623742919133,1.0831939213650628,51.148843010712184,0.2774623729565608,0.5247451253323747,0.7947747891138516,1.596982287402787,501.48413258943157
803,803,193,22.22222222222222,782.5267837780868,17.552644305323017,2.6543084290636023,0.39890645138504127,428.1201983334387,20.30884094191511,1.3406796387971156,0.0009288110808204398,0.13404384301986283,11.814410005474231,8.052167876658967,3.4369903836152718,0.8168360196591468,49.219362859911286,0.19736112140058307,0.40777067466827605,0.6016930304787065,1.2068248265475656,484.0233698605042
804,804,196,22.569444444444443,781.2600662190009,10.98213954809948,1.6537986962543696,0.25211657049372826,452.4204788233239,12.68728409963715,0.8391360217436005,0.000956316979835624,0.08121806404938899,7.128135359889357,5.426445324420262,2.1558220331583016,0.5030277921853599,49.25551610900051,0.12299447955606976,0.2579638354908446,0.3960248562091854,0.7769831712560997,487.7794064616015
805,805,194,22.337962962962962,778.3692399051164,19.206491842407953,3.0461739408723014,0.45186950299615025,448.1453161803251,22.197858704344583,1.5849647461136216,0.0009604247381831282,0.1480241610975346,13.40105183321452,8.72288972510886,3.8852431843752746,0.7990605298123781,51.86650724156676,0.2336993607997582,0.45132785539038256,0.6695871023122673,1.354614318502408,509.5434672606943
806,806,200,23.032407407407405,777.0192131147639,27.20680589529618,4.320317852822906,0.6348665640871095,409.8482039558907,31.478595495721297,2.316571623903939,0.0008885710529293559,0.2358636332191048,19.47323070112985,12.079771205240831,5.4427430125663765,1.2006184109744293,50.983225491033174,0.3279167180889584,0.6438232909627092,0.950572361777625,1.9223123708292926,496.6875585916051
807,807,192,22.10648148148148,779.1996383714614,17.780572085767606,2.7600476033711887,0.38684129474714773,435.01807494902226,20.405961964318514,1.4590539830051166,0.0008759683159860662,0.14195588865049844,11.975960123903464,8.393484134364824,3.553465617753747,0.7492879598598887,49.99999151253609,0.21802123858499065,0.42365488012228036,0.6230912493032056,1.2647673680104767,491.91438881718733
808,808,191,21.99074074074074,777.5093642984659,29.367905167055575,4.586610928213295,0.6843169971749261,422.78702833748576,33.91847661259717,2.5019045402506794,0.0008995896765018162,0.23077121189836933,19.921141615844178,13.940285516251048,5.895067484944862,1.2822251082034113,53.095287484408885,0.3613365489794172,0.6871388824926974,1.080317116426289,2.1287925478984038,517.32428404165
809,809,194,22.337962962962962,783.0992973212848,23.75272166840063,3.9807158475617075,0.5495030712432868,398.6923264693681,27.903598314990287,1.8222511256274065,0.0008834646207681938,0.17974527709961732,16.248958901281185,10.900658344793342,4.7372922316331545,1.0935281412671678,48.62610498424812,0.28489246874852486,0.5344783541318116,0.8496588667285712,1.6690296896089076,475.2822536462144
810,810,194,22.337962962962962,776.945702603121,14.637096128175191,2.6051095660214534,0.3644048070082027,441.27586496410214,17.326737548054293,1.188743372430176,0.0009522399267574217,0.11630516692935451,9.88459174055841,7.330385845545821,2.9592541058479425,0.6829210079584679,49.582000598160704,0.1845264783660869,0.3430102850633799,0.5286128581661691,1.0561496215956359,489.54392437359536
811,811,202,23.26388888888889,781.9586306972573,12.324783441546504,1.9883631316022299,0.2872338733667779,420.402657418633,14.361585660227428,0.9730869974384092,0.0009125614508257569,0.10073043193873787,8.188281324958908,5.899343527503288,2.4904121021909615,0.5247516346825516,46.572323867262845,0.13981893073964027,0.272674071364968,0.4493737990207977,0.861866801125406,460.2157275817062
812,812,192,22.10648148148148,779.340233941549,21.882606958087,3.220761494364315,0.473364139936902,441.33980792902565,25.022639745260363,1.751339730464086,0.0008978920262035098,0.16490650278299576,14.947704219660853,9.707682293692853,4.351638554371326,0.9146756853440042,52.10273612243682,0.25459722312113015,0.5156257748858744,0.787899408084575,1.5581224060915795,510.3884433314473
813,813,198,22.800925925925924,782.8841211984927,11.818934368788872,1.9214717119450646,0.3077831997047588,455.8927877133441,13.804533147703202,1.0170113214523484,0.0010552986671944018,0.10701564179809177,8.36783410056078,5.093520200750113,2.3776413208545293,0.5317741770959278,49.968841912656764,0.1481327964646101,0.2891670686458256,0.43619773032293985,0.8734975954333756,493.7470256975376
814,814,198,22.800925925925924,776.8666476701296,24.85736489544382,4.111320497774567,0.5634049868319507,412.1342990747787,28.964120678236746,2.0397485424160764,0.0008619063747524257,0.20543908326325047,17.634218014352847,10.993638313007404,4.975404288315268,1.127053786904294,50.39891992985374,0.2898699174555559,0.6020904901375774,0.918025827594527,1.8099862351876603,491.78264228853453
815,815,195,22.453703703703702,778.2717822681046,22.30904693793553,3.33216438619447,0.5301370761946297,430.0002277268945,25.777544664562566,1.7276450090795055,0.0009304032864463003,0.16704317348971884,15.062948172212307,10.728060951785261,4.404627517286602,0.9983722880072841,51.13760293881631,0.2595177296390706,0.5353465200005846,0.7314256504798082,1.5262899001194634,501.50209003483593
816,816,194,22.337962962962962,779.0874081017572,20.062392167357658,3.190966760224327,0.4673008508910306,379.40978054735723,23.247146701411108,1.6754603539912647,0.0007701694929751919,0.16204480612555908,13.473319124781119,9.317467325595217,4.046772771919908,0.8582752139228241,45.32527501733775,0.2345412218821634,0.5005621761313922,0.6982595111486893,1.4333629091622448,443.8717405774513
817,817,192,22.10648148148148,778.1747627633969,24.780196555352312,3.9813957404085203,0.5815392384796616,406.90793999764304,28.72457906764584,2.05603734193404,0.0008732131283990646,0.19992912732163937,16.925741504919266,12.013038057359621,5.004242304258674,1.0496594702868052,49.798050125734015,0.28098073226830417,0.5779351758731296,0.8845225642494573,1.7434384723908911,487.0428685862094
818,818,191,21.99074074074074,778.8470228859742,24.519851018039752,4.040072199053255,0.6188898951627944,433.16074693074574,28.77492925827806,1.8898440105967529,0.000860872236554121,0.19168337068147456,16.613769324342382,12.30516527775505,4.925531215036883,1.0979370543814653,52.367557136994755,0.28916704668261933,0.5619752923761447,0.8944003054801672,1.7455426445389313,513.2710537465067
819,819,205,23.61111111111111,783.1304341525216,23.257865795753517,4.193171520936759,0.6632342114990489,406.85013663219354,27.801234915646486,2.000977732760195,0.0008642851771190176,0.19645751864763367,16.46299279065056,11.27891878696499,4.690006493754769,1.1410846213191048,49.36231221152115,0.2755427010903493,0.5349981555027281,0.7664920332631703,1.5770328898562478,483.6509854045093
820,820,197,22.685185185185183,781.2872272261694,11.58909301190032,1.8890537362718802,0.2691022240565166,424.5473650661799,13.421362361959455,0.9720395600377582,0.000912457958648673,0.09866612609720174,7.479752246730636,5.610369586589137,2.2902105358527747,0.5376349563096992,46.71466101763782,0.14203042406283956,0.2762223919441965,0.4095342072273053,0.8277870232343414,462.05359664644766
821,821,196,22.569444444444443,783.4536037789588,25.897384335925473,4.321213223917589,0.6609970037694168,392.33015199222456,30.4262497374526,2.1760629286938404,0.0008245333499082253,0.20730103143358442,17.18027109399827,12.85481458337219,5.236069436334403,1.1769258447393836,48.85341368738327,0.3050440453359746,0.6327830423875592,0.9338843471082057,1.8717114348317394,477.1597060860448
822,822,203,23.37962962962963,780.1311070908373,19.433203707747197,3.0091594590287163,0.4558708669409756,458.40775311821415,22.48240380271689,1.6413827402700565,0.000981910653041308,0.15725620569814616,13.63549133494113,8.418849493455692,3.83229824226304,0.9052119065815568,52.95768191688288,0.2227820211526509,0.4514392806052103,0.647221381400157,1.3214426831580182,520.0658141367275
823,823,193,22.22222222222222,777.2938177542558,17.352158844957337,2.6444848401698056,0.39994612192339435,452.165263452678,20.01990703111845,1.3645787124183943,0.0009998678135790652,0.13073255601810538,11.297313115396715,8.59884092284354,3.438290093954178,0.769528138393625,51.5585417797423,0.2064540754340733,0.4204272948168237,0.5821529256004818,1.209034295851379,508.0937648781398
824,824,195,22.453703703703702,781.5650913906857,24.75501005639066,4.109130434931752,0.5929507340727879,411.87395755569315,28.81351867506315,2.052961944789526,0.0009417823145538266,0.20577999503884825,16.41222108194525,11.759321833909725,4.9558083268377535,1.1136977224877878,50.30342703012363,0.2937542977325922,0.5709595471334488,0.8656625781330349,1.730376422999076,491.96345548452877
825,825,204,23.49537037037037,782.3256358706218,15.268883461926984,2.72406808146686,0.40753456276629973,424.8618547990516,18.1802706439404,1.3224887776503453,0.000966299392216335,0.1287657960571921,11.102038181927025,6.851667042115672,3.1252060306464604,0.7009345387590391,48.19650205452154,0.1881169842095079,0.365846360854173,0.5287265307489762,1.0826898758126573,474.65532990958565
826,826,203,23.37962962962963,779.5603510508005,15.966740352471458,2.459857149976449,0.3987925582285718,450.0647781009716,18.67314687681327,1.266682847675916,0.001001730692750912,0.1201398864006921,11.36399845298345,7.196044798986548,3.138398116451243,0.7697860683791381,50.85994119682377,0.189639000365256,0.34738285805470787,0.5193574344560357,1.0563792928759996,501.1117477799235
827,827,191,21.99074074074074,776.6854232683647,19.116361227463923,2.985725872161966,0.4464817322346581,435.0082493640099,22.04978227711579,1.6301252461204834,0.0008725493710335162,0.14337197653735823,12.681147814464,8.98713746700684,3.8454740494804507,0.8144678536106986,50.51231883775127,0.226378575551067,0.43931292262353877,0.6673869124700558,1.3330784106446616,496.3611280257578
828,828,203,23.37962962962963,780.865333989097,11.578552412650955,1.9112961744348085,0.26706635579721727,436.822281560885,13.571145496486519,0.9089014165295527,0.0009057848341212746,0.09100398974578136,7.859085812152348,5.606065423449954,2.322459156537967,0.5197350079953413,47.95152768243531,0.13097684216748198,0.28034606790566396,0.404586546134119,0.8159094562072648,474.4153222355544
829,829,199,22.916666666666664,776.9782831468491,15.482239502031616,2.7997286869641873,0.3929176746218535,414.04777579370955,18.419296572349406,1.238078276021636,0.0009233219933740046,0.12023440305284729,10.81744355462944,7.3153744425531055,3.149693046881293,0.7159710587798399,47.19190498247263,0.18105212136551788,0.37995215542608135,0.5700240481701233,1.1310283249617226,464.8132611039203
830,830,196,22.569444444444443,779.9964590976776,17.578753389753878,3.034465620774309,0.41128905506723024,421.1572280160709,20.642679873242756,1.4981931483286837,0.000920257719687776,0.13396891221366866,12.411731180547147,8.33762000278842,3.5617114720357477,0.782172828628661,48.623079955408066,0.22078618836342032,0.3934325823146806,0.614864605567888,1.229083376245989,478.36808595287005
831,831,197,22.685185185185183,777.7702850632392,16.482395115860996,2.6280227659878355,0.40238140658210747,434.6671644820791,19.217986456697908,1.315412107547232,0.0009216072171858603,0.13263415897792125,11.202831786050599,7.967779619633352,3.265649085871969,0.7612840652952211,49.519524554978496,0.19777963466064946,0.360365798285522,0.5862043974092717,1.1443498303554431,487.9859807021063
832,832,201,23.148148148148145,780.7457823184246,14.28405186924712,2.4638840250260037,0.3493339859165928,461.65039942242447,16.90450211493293,1.159583302689284,0.0009747875490401758,0.11288254940924503,9.60980782956584,7.08726265372377,2.8447934921653335,0.7009570275483753,51.47344869051275,0.1726065855599908,0.3234956500942972,0.5167857692907574,1.0128880049450455,508.5715132355772
833,833,197,22.685185185185183,777.1046456917857,21.502379867043356,3.685619042395709,0.5287236059717055,447.7957438029146,25.291732155663375,1.725107670164514,0.0009123800182206812,0.18172027309719854,14.964598978882162,9.714395317152217,4.353390948307846,0.9619047971837105,52.75078169123978,0.24265997679167345,0.5177772061135865,0.7719069951324081,1.5323441780376679,517.2739740379501
834,834,199,22.916666666666664,779.5652252976821,16.95251921474639,3.0123388244695746,0.4072405319248147,426.0876772928748,20.006405183787315,1.4551320342709286,0.0008754896325595648,0.14566808329631983,11.520326245233088,8.399126367594683,3.4362165681135206,0.7776133262055269,48.90734755486159,0.19737418308752885,0.40115226144422295,0.5817705548028621,1.180296999334614,481.86110991625105
835,835,196,22.569444444444443,783.5219948486872,19.3278750957569,2.8716581033409767,0.4198422750150125,460.15108323250286,22.07640709040504,1.5385756479251478,0.0010126968208301202,0.1514416963549191,13.565890230722324,8.166304413676784,3.7749406316323446,0.8619929476317347,53.02546792231574,0.2175884385577293,0.4463200088904548,0.6713597653569062,1.3352682128050903,520.6764020438677
836,836,202,23.26388888888889,783.4613484082271,20.15446786322499,2.9967709893305656,0.44225876215625826,424.9445804894191,23.209842330514345,1.566419158271706,0.001001188236693381,0.1717333014375946,13.288308096438563,9.393303640198953,4.007780357041398,0.8675454996917161,49.84208679899922,0.22987205892463602,0.45195279864799376,0.7025875878870749,1.3844124454597047,489.14011602498294
837,837,199,22.916666666666664,782.0200835189481,16.14008832544785,2.7719759432757995,0.40952566221570424,414.56651392722915,19.09001245416082,1.2618680232827113,0.000868313623757406,0.13410392574298882,10.7980947569299,7.8725412494457405,3.2723320378837037,0.7190727290603253,47.43705222405414,0.19579262716617896,0.36014342378240516,0.5803888940284238,1.1363249449770079,467.37522753634556
838,838,197,22.685185185185183,781.7798907457864,18.55511548115486,2.969789998931085,0.43089438784787737,430.8909461761528,21.51872285905777,1.4989259794944687,0.0008976538968215214,0.13870990343615322,12.126325441525212,8.918449976896682,3.6798155022242782,0.8368016134326265,49.888242958090004,0.22129876238954507,0.43381625321285133,0.6388840047076838,1.2939990203100802,490.7330685528355
839,839,194,22.337962962962962,778.4201869303354,28.08918360259433,4.625315511297835,0.659371327143676,430.4640431645887,32.712799621161764,2.2674495581451435,0.0008961502148510932,0.21651750814058862,19.358199097189914,13.356162313509111,5.654511961812691,1.223844858244113,53.39058777017657,0.34844774283526186,0.6713992934223072,0.9707840952619937,1.9906311315195628,521.2607267083722
840,840,194,22.337962962962962,782.2712796924416,18.397922538145792,2.958827159117745,0.47413331098152667,416.65669520923524,21.669966865552208,1.3606371604929033,0.0009544260712730382,0.13131805764044788,13.002986606565063,8.226236240415588,3.6933931161344997,0.8337789866640474,48.458655784273795,0.2185974659158959,0.439522559019013,0.6328554500260998,1.2909754749610087,475.6948385454122
841,841,198,22.800925925925924,781.473096015814,17.982198262060685,3.04461400795246,0.4363765407305648,420.8205223736019,21.085352089001862,1.4332099380681889,0.0009336523917505985,0.14437677882282582,11.90494557257786,8.845757540199058,3.592276581205177,0.8365504829116472,48.7342661657434,0.2256393398627972,0.4442288104335874,0.6185168135227752,1.2883849638191598,479.51055321076524
842,842,199,22.916666666666664,777.1275448750575,22.470574320149286,3.6401965262112874,0.5308257040676764,444.29089739929776,26.116834079148163,1.8230839240325287,0.0009384617192911469,0.1838645015220302,14.865706277115482,11.17695825207143,4.44440082311908,1.0517308200269095,52.68039807616145,0.26921912958749233,0.5148646428388994,0.7556715641516474,1.5397553365780392,517.2700601479434
843,843,202,23.26388888888889,777.071123577416,21.270421015736304,3.35829135666549,0.512873415068626,435.8124417516482,24.803615430552323,1.7024517664146614,0.0009817001202858686,0.16779724196942825,14.537567144090705,10.12427011874836,4.215678218319526,0.9756708766759971,51.38394143439556,0.24450152110263976,0.507535061234433,0.7155575469404519,1.4675941292775248,504.41208702119667
844,844,202,23.26388888888889,780.6651471921481,24.2277210431267,3.7570867768487624,0.5606163118045701,453.1989807315971,28.02974074770306,1.9693851089808025,0.001050713457782214,0.20045895905877584,16.19442279128836,11.513489169959644,4.790228744625421,1.1013152234937684,54.20410340776083,0.29405392747743947,0.5421911593001872,0.8906920713110139,1.7269371580886408,531.077010688745
845,845,203,23.37962962962963,778.2749475091045,18.34946588606077,3.20218290766559,0.5032932812945862,444.1108786042253,21.744370167604465,1.591515945888816,0.000964371836984436,0.1619946158397642,12.201988061009262,8.727324008084,3.6765416451310107,0.9049034247573625,51.2608738708982,0.2172244997202191,0.4397631963918224,0.6563285220128368,1.313316218124878,504.28675107651355
846,846,191,21.99074074074074,783.2129452421416,26.95817610389801,3.908583816612029,0.5337345461129319,434.4409556337844,30.680023461395734,2.0710909420030092,0.0008706588056099868,0.18415295016277167,17.46096617516416,12.781508200015216,5.255707847604062,1.175361584104167,53.19620654985075,0.29700684824817825,0.6534238147891037,0.9441873502180611,1.894618013255343,519.8847837577532
847,847,198,22.800925925925924,781.5586332770463,18.56934940565729,2.89949584009733,0.42505919602462433,431.8394257645222,21.57001047873672,1.4265669613845748,0.0008973701798250216,0.14055080285754673,12.437149133566242,8.959570768682257,3.699587884660081,0.8191258502059198,49.991808555854305,0.21669452713816587,0.42506807262631646,0.6679868062062769,1.3097494059707593,491.65938972897914
848,848,194,22.337962962962962,777.9863744826346,18.714425391547717,3.267023660388299,0.47028311569969083,458.6624232379122,22.150316138243646,1.5293970416346943,0.0010017265449610545,0.16050937237809518,13.225092932382156,9.086290439196425,3.804146585338654,0.8576942854201367,52.85243731917867,0.2216144856150855,0.4695358676447288,0.6813089966610402,1.3724593499208546,520.0759703442254
849,849,195,22.453703703703702,782.3577725394273,17.830951223520124,2.6984540306408418,0.3751569779833631,401.40147511464625,20.46399459253713,1.442992597442018,0.0008466559643208809,0.12927360503787674,11.340031520555016,9.052152513237594,3.574442405210879,0.7337272465637735,46.64018231104687,0.20840221404184447,0.429187684447797,0.6011071483454307,1.238697046835072,458.94216400961926
850,850,199,22.916666666666664,778.3537130770352,19.430226007041153,3.0756791764873936,0.4641451074223757,428.87675335959955,22.45081205595414,1.6755141913460796,0.000923374289020298,0.17292530210548152,13.40742604259327,8.923778183696136,3.8109029055793915,0.9193579002878968,49.994617915340385,0.23453728699544266,0.4403992269123651,0.6391821915740633,1.314118705481871,491.1151362692903
851,851,202,23.26388888888889,778.2615546432198,15.329141085746102,2.418152442636198,0.3690944088064079,423.11557905916055,17.79211997204994,1.2968498059130564,0.0008785860171696034,0.12209165245421914,9.878779597868249,7.537303755738015,3.02277698402095,0.7181304185791973,47.93378264177829,0.17176737226071617,0.3574649835688863,0.5265349917082122,1.0557673475378146,472.7778855186597
852,852,204,23.49537037037037,778.9229766490257,21.284636547860618,3.7245378628852888,0.5459422063939233,398.03956749434167,25.248255590115072,1.7987751682294812,0.0008854877860264489,0.1781232090563628,14.84916383245614,10.03177944923069,4.288878142498003,1.0114068441796886,47.73357974433911,0.2503313857690814,0.49131866900146753,0.7761510162633721,1.517801071033921,467.6705890736108
853,853,194,22.337962962962962,777.9662296033508,21.376768365015863,3.406194570071793,0.5130711697415946,405.2215220630494,24.98460624180791,1.652806567428564,0.0008222972850503412,0.15465505804400728,14.611081704065283,10.591898064341496,4.206734162085923,1.016775727742516,48.37341983932118,0.2395049903129378,0.4908376764736363,0.7547509898383162,1.4850936566248905,474.61094794323895
854,854,204,23.49537037037037,782.8922380553339,16.341211004295783,2.582780244628119,0.4071301570980991,442.30220206475184,19.024800118741567,1.35046766362581,0.0009592980384465366,0.1339573821215422,11.614826495146374,6.86830068883871,3.202305275491679,0.7875678436943311,50.215270558844274,0.17903444045483155,0.353321405977033,0.5617536467605098,1.0941094931923743,494.09579123451823
855,855,197,22.685185185185183,781.8592859650173,22.8068578654766,3.825786950706893,0.5472803447282711,399.5121024460535,26.798928796303652,1.820394230643318,0.0008679433533037935,0.18051598916163644,15.923801294797642,10.645151666769655,4.566580201614197,1.0607195872621995,48.40469397979119,0.2573690263074999,0.5635555546927147,0.8321001455506324,1.6530247265508469,473.41821074862406
856,856,193,22.22222222222222,780.2105030874269,20.03117405781637,3.1780099724685176,0.4527264175858007,418.0147769068847,23.140684482432285,1.645161766480776,0.0008960330640024417,0.15271455866405048,13.31955438134526,9.553757987630917,3.994958486713727,0.8832466105463992,49.16254381114588,0.25151646469752453,0.4559160177645664,0.746336055161065,1.453768537623156,482.5018758179108
857,857,199,22.916666666666664,782.4749098806842,20.691393294155763,3.4035821300402684,0.5701082416003773,399.9862883314814,24.42719449641544,1.717254381971897,0.0008725545667779552,0.17492501571280883,14.383492667634545,10.120928971841325,4.116847054863211,1.0139472016011493,47.68311282940696,0.23679478982160518,0.46976775214935135,0.761772034934754,1.4683345769057103,467.69167625115614
858,858,194,22.337962962962962,776.4304232841465,23.48412582772059,3.6707484126917387,0.48998400251253843,424.414813519753,26.98772302016818,1.9555738622333116,0.000984320412093281,0.1775741899317232,15.765081371327968,11.604283563019797,4.685847560704312,1.0060788232019329,51.034439092452686,0.27397638846972255,0.5582177436850457,0.8424082126909465,1.6746023448457148,500.152339447195
859,859,201,23.148148148148145,782.9889436903193,17.42709177174989,2.984407505675068,0.48293275068886826,439.16414439893805,20.692227605835306,1.442617984999529,0.0009437765108368601,0.1535989607469444,11.682761454024536,8.757836524813548,3.563411336730749,0.7869500427012678,50.41770330758043,0.199195801492447,0.42166705704645413,0.616162326550847,1.237025185089748,496.69318784447984
860,860,197,22.685185185185183,783.271739559484,18.188028117206535,2.933279056889698,0.4393199408691507,458.37561951240605,21.289554185902077,1.3645783251469348,0.0009553118741426616,0.14484639975451752,12.146447877013346,8.615628615447811,3.6471386145904905,0.8101892669145339,52.54091756489422,0.2263608309492949,0.42662974743592996,0.6416303926085398,1.2946209709937646,517.1037583179957
861,861,194,22.337962962962962,782.3197248662908,20.45541974070628,2.9343830201992755,0.4406194768411801,377.04395808035355,23.407017816007695,1.6012476059939946,0.0008139675193040866,0.15333361495271772,14.31331601993559,9.150910183141391,4.033956523215093,0.8841594090452011,45.13356863087118,0.25103318962837834,0.4778406260039054,0.6817774465037685,1.4106512621360523,441.5164707001117
862,862,191,21.99074074074074,778.5501588189292,17.671575805725098,2.808875332247089,0.3990273962684605,414.63109503130033,20.47829803132967,1.4198118973468818,0.0008428958634359451,0.12889119035580487,12.200631389890479,8.321876766600656,3.5529228777181414,0.7585193156667595,47.95035005794306,0.21305799155373598,0.4377014495720277,0.5875459554064165,1.2383053965321802,471.4100419369546
863,863,201,23.148148148148145,781.9911488558765,19.34202484800738,3.288763383109352,0.5245847940593091,379.7453936955176,22.709356225044743,1.7278966804322142,0.0008458908445844273,0.17360849000272063,13.356998277409241,9.53115694040564,3.9146637020412687,0.8880152540837192,45.16681894037904,0.21964504777786414,0.45299159933381666,0.7073576859233619,1.3799943330350426,443.22630423658353
864,864,199,22.916666666666664,778.7125240471626,24.669283297989235,3.8649193044387182,0.53339108420552,441.47211190342273,28.41362666783838,2.006807056007034,0.001016524248501106,0.19057671961791603,16.072016414422635,11.445082819193756,4.94585269410518,1.041876759071223,53.170821474029516,0.2911906344558293,0.5405344331303683,0.8923734194195991,1.7240984870057967,520.308643317144
865,865,193,22.22222222222222,782.3145614225156,16.92948583514563,2.648970026769448,0.3900152331329312,427.19711628322403,19.62601500630887,1.3507097366264773,0.0009622448030248646,0.12819811882299878,11.44457187239035,7.659469422758116,3.3782159412008417,0.7432726695085461,48.92784276048888,0.1950837142137829,0.3993357009957811,0.5985925179495722,1.1930119331591362,481.24544245146
866,866,193,22.22222222222222,780.2716723236172,23.940012202633866,3.7219981012468684,0.570573121362077,401.0180513547006,27.788611673645978,1.8902173403982345,0.0008121486095794786,0.18497461338258883,15.412828340242713,11.715984136232809,4.770779702849847,1.0612575816534142,48.9107465418544,0.2963892204665905,0.5697293244329414,0.9002538842449784,1.7663724291445102,478.42964440586036
867,867,200,23.032407407407405,781.0519524760394,16.110910054386185,2.657581555099722,0.3852087542212819,429.57682153761044,18.932168419043286,1.2397913094787536,0.0009960236060162593,0.13225718021648922,11.754463843734698,6.932726128879704,3.1724703150921494,0.7801101551871136,48.89906787191905,0.19832208567249848,0.3811534702324441,0.5651130575499959,1.1445886134549386,481.06563004627606
868,868,196,22.569444444444443,779.1244091181403,17.04104116825773,2.970419822634345,0.4408861443830035,458.03694216042385,20.219012139407948,1.3344699134812992,0.001049279606174063,0.12818466824584027,11.516026537564562,8.339019699628034,3.453535541605821,0.7801797979794112,52.15263513078469,0.20116024528218962,0.41514024417841855,0.6295221115432902,1.2458226010038982,513.9905629366574
869,869,196,22.569444444444443,779.6422737211568,16.195252516434497,2.4886836238149916,0.3427026353149433,467.84448172367934,18.627171060414312,1.3057464002221095,0.0009557837986601183,0.1222272178594155,10.763451839460979,7.363842294901278,3.175022454975263,0.7405795380004545,52.68499728602716,0.19052268454124577,0.37677645741766075,0.5400398551321759,1.1073389970910825,519.3140042465064
870,870,191,21.99074074074074,779.9515247804486,14.083881218385988,2.189587932202882,0.36930738810827113,460.8414348063795,16.37303722155309,1.1491598295901446,0.0009676606723987823,0.10737695503779879,9.528670682276331,6.864812066994391,2.8363749478424896,0.6103349039781725,51.27208466316727,0.1782171766454002,0.3409325571474614,0.4894660506618755,1.0086157844547372,506.43489071519986
871,871,199,22.916666666666664,777.5282756642694,18.041175534855693,2.8306748211231,0.4258566933215025,429.73262910752635,20.999849395015154,1.4288724680798035,0.0009366750148824287,0.139772382176042,12.020526423372962,8.436699230091579,3.5848361248452734,0.8187068812399763,49.59813923761626,0.21858676431422808,0.41177525504387313,0.6339281845594804,1.2642902039175816,487.7042995172069
872,872,200,23.032407407407405,778.6118145323619,17.381062818926242,2.6147212722220936,0.37610583941286796,457.1643864324241,20.067299627481226,1.3424566928094306,0.0010517460436109665,0.13041111002410422,12.01490761481323,7.6513502836551694,3.457889371374803,0.7475938034384613,52.04607106945138,0.18939970856806002,0.39359884527337796,0.5868286264708977,1.1698271803123357,512.1041561781245
873,873,191,21.99074074074074,778.7309812439493,15.531607180281364,2.5823941155528445,0.3756292497629041,454.9297360670461,18.103609025008513,1.3128496173421957,0.0009827137440244025,0.11852379085490457,10.618890542496498,7.668823911654289,3.1526458587923174,0.6633999358704303,51.23824789513015,0.18629991958255823,0.3743861055513529,0.5789132952741085,1.1395993204080197,505.57980078631783
874,874,203,23.37962962962963,782.056684133518,21.78435638465277,3.6414335159276416,0.5985922893436447,436.68115142359244,25.760171825881887,1.8163924699762626,0.0009087423666221441,0.18588387093450728,14.981385759584452,10.406292983270383,4.452385454301708,0.9631401338870055,51.788427117163515,0.25658087476734504,0.5299176929450691,0.8085036994096557,1.5950022671220698,507.8857113612569
875,875,201,23.148148148148145,779.7247181550699,20.4388880796249,3.33356068575827,0.5129287811493455,420.33365763976684,23.900410969035473,1.7155513297234553,0.000945898293292399,0.1619945913220223,14.269502019472085,8.903668934245301,4.094485058240607,0.9366527444400763,49.57756615186083,0.24080683109741766,0.47867165067223655,0.7022602371423583,1.4217387189120125,485.7544834305116
876,876,198,22.800925925925924,779.5687104260605,21.77725882125866,3.4590626660074775,0.5516774044866706,419.11756273594074,25.34859658958653,1.8073974474564256,0.0009212122047874973,0.18116113185637284,14.056268898312522,10.719982046468381,4.396098208235381,0.9455514271571026,49.9348582043719,0.25942649441298693,0.5145806706900723,0.7524365114408078,1.5264436765438671,489.8317133672024
877,877,188,21.64351851851852,781.875502747621,23.589405462683303,3.5190611876825866,0.5419878469314423,390.6273308009408,27.30363940978796,1.7091867409077248,0.0008488041438039797,0.1566823500092488,15.231458644001563,11.891104045560638,4.650132957799842,1.0465404102842406,47.66358518607977,0.27562641051013653,0.539621497532063,0.8369890363010611,1.6522369443432607,466.68815696107487
878,878,195,22.453703703703702,778.4222909026413,13.337896909578534,2.1939723468634806,0.33155440037951694,422.32927673908347,15.596055572967664,1.089867927329222,0.0009452701957935372,0.10517508249766258,9.088487788488635,6.485560204849988,2.6865420381304284,0.5886545298753654,47.1487246026624,0.16492785383791972,0.2999823153642947,0.46481913319293666,0.9297293023951511,465.6752303241463
879,879,191,21.99074074074074,776.7764358898025,15.953688885868415,2.58140251914599,0.3761145254254104,427.2543366516743,18.49630611660683,1.3166215790668951,0.0009057324259603423,0.12641267810146584,10.888220579332867,7.597316251956212,3.1464807095965153,0.7488687091074713,48.578986783894464,0.19027174209965328,0.3756382649868128,0.5335894215081147,1.099499428594581,478.69795378757004
880,880,195,22.453703703703702,776.522413270961,18.429498219169332,2.770404112961529,0.4125156740990917,395.5529832013886,21.151233357435803,1.4417721759830089,0.0008539889165686224,0.14589457000721195,11.682675506432899,9.1639199439249,3.6167420510575456,0.8222352517194425,46.25061093305866,0.21307663980212999,0.3996078227034757,0.6399988351485933,1.252683297654199,454.7607358443173
881,881,196,22.569444444444443,779.4473443693984,29.64880138499245,4.583097291146818,0.7234686797148876,414.8591991858937,34.52288271938795,2.4184397417838226,0.0009208499284550729,0.2248838163084277,20.606790093804634,13.950929075726174,5.909293949687392,1.343743855548853,52.37183151761439,0.3508259852944869,0.6720658528959839,1.0013313596565885,2.0242231978470593,510.2098837479659
882,882,200,23.032407407407405,782.7962682278433,18.235144866311348,2.9790494812340125,0.411848708694434,409.63933821969204,21.264422795945343,1.486749619491794,0.0008769002133430644,0.1414783651712122,12.601935016273588,8.286630625409927,3.645327968118874,0.8157542596626904,47.672244325872505,0.2180517797062318,0.42292667481229973,0.6430027257560326,1.283981180274564,468.1906029902196
883,883,190,21.875,777.7213604759252,26.463066924726572,3.883731171976629,0.5570139027653048,357.40758657545194,30.31895573444899,2.0083724612791443,0.0007233650997288829,0.18267382135123666,16.6457594035978,13.12001565785092,5.178724599857701,1.1700914828663744,45.364115621396586,0.3218694074465301,0.6376590792588048,0.9442114789148423,1.903739965620177,442.1946956632946
884,884,198,22.800925925925924,783.4856598509042,27.23817638222962,4.409212271852192,0.6877332464263308,364.9210628076829,31.992016268619487,2.1022414022483535,0.0008185099352363857,0.201035273871734,19.540339455125604,11.867432978310477,5.515269282090507,1.186109206652644,46.560269689856504,0.3340714191166239,0.6456094929625955,0.9687047913210867,1.948385703400306,452.0694933333199
885,885,190,21.875,776.985575502915,26.27561797679321,4.019003503568236,0.5697686262846768,410.31281795633987,30.239066991038953,1.9809987787007564,0.0008656179516940934,0.1837766375742766,18.069474056921333,12.053318021017382,5.2097857014543845,1.1265635047126157,50.63113566812744,0.31534778629705773,0.6655855206334719,0.9461662950304851,1.9270996019610147,493.8986829173972
886,886,189,21.75925925925926,783.1530876000195,21.20371139428271,3.1048068317577178,0.4537023278862138,455.22473315750494,24.24139264629841,1.5917940587077355,0.0009726109976556386,0.14374956010227288,13.959533231955946,10.042337817546203,4.151832519729826,0.9215153608033986,53.211518813585045,0.24041078241623923,0.4982292685229416,0.7623492759488693,1.50098932688805,522.5815376125051
887,887,195,22.453703703703702,778.8868971064521,19.2612615396955,3.109012701883511,0.4502597864801492,400.2583350142108,22.331985707795024,1.532240318367999,0.0009347114994927436,0.15586418990781534,13.271675114441987,9.182924752911564,3.8148996293807964,0.8725383294820981,47.099253479551294,0.23328261797490177,0.46492037568160915,0.6952996284579532,1.3935026221144642,462.36375930372924
888,888,192,22.10648148148148,782.4322897355811,13.10372846415561,1.9624718207776097,0.2912920947659039,456.99243525422196,15.039653861383867,1.0299322423644528,0.0009472199579137871,0.10857346125317184,8.581161639968869,6.512444982483733,2.532520993653603,0.6237455606981719,50.46391641076805,0.15375147675475645,0.30139811147205836,0.44798218322319416,0.903131771450009,499.10087772716594
889,889,196,22.569444444444443,779.6938584879556,17.238142291436354,2.686086329816018,0.3983716383414526,424.67846607213954,20.054032200364762,1.314654056791914,0.0008909309342263016,0.13928382768969633,11.292162467280388,8.64690761284701,3.478958437497531,0.7250651866026891,48.804143633711114,0.21222861109720992,0.4022367554059205,0.6232897039614191,1.2377550704645497,480.59861365492577
890,890,193,22.22222222222222,779.5655809912417,10.368454885497522,1.5974709574970039,0.24593311627374384,427.0481762954615,12.050092416755442,0.8043904504488931,0.0009001887851846883,0.07830818696110228,7.214499056786119,4.671687024031906,2.0584176270176426,0.46605110666734195,46.51165012334863,0.12129732052405132,0.23352169098586087,0.38917575081659717,0.7439947623265093,460.1338770177238
891,891,187,21.527777777777775,776.9703059559339,12.279557674104511,1.8202100888147632,0.24625323454369635,427.7264449839654,14.07064805104922,0.9189881082782771,0.000916816278256122,0.087228500388701,8.458037367949995,5.660745964344904,2.4481872446110136,0.5064283722040794,47.24086021695259,0.13953841345635418,0.29044196085896123,0.43560851759530145,0.8655888919106169,466.63119793049344
892,892,200,23.032407407407405,779.2492771037654,13.689008976719649,2.4133245053417554,0.350733605667635,424.8856522980159,16.256626242097116,1.137849473418264,0.0009100322637204173,0.11605239592714575,9.852751989674463,6.0050713962034745,2.7254945695291792,0.6832417572937155,47.577991581463394,0.15380150555223043,0.3085935841659594,0.4824204471513374,0.9448155368695272,469.20878078934714
893,893,192,22.10648148148148,779.916888110947,26.230196885243604,3.99315714076987,0.5617706825933999,408.43054768623676,30.357946611878603,1.9237822880769215,0.0008371198570176284,0.17978809091586756,17.59274198362202,12.69774663771755,5.115976099037455,1.2144226631964277,50.416607007425675,0.30204875283493543,0.622267167478177,0.9548773767891593,1.8791932971022716,492.5853652026258
894,894,194,22.337962962962962,780.0079691631183,26.618145008129975,4.080047075438791,0.6057656811873687,419.51430185116266,30.721300933852536,2.054254722414108,0.0009788998076847087,0.21106655779424452,17.09507549720082,13.091269949090742,5.265657916957878,1.1762110334627718,51.675554884781114,0.30410245411060927,0.6453288319822883,0.9306937091531837,1.8801249952460812,505.21912462454486
895,895,195,22.453703703703702,782.4415493546611,23.019246044807677,3.6684015352686727,0.5160889049937393,410.4303869683033,26.655291305760628,1.8292201052571806,0.00085164560690472,0.1675177014692393,16.41721000150781,9.907751481386198,4.511350507703627,1.0774435313047779,49.46366000233989,0.2666905351464297,0.5179703610005475,0.8211047463390507,1.6057656424860278,483.38931537434803
896,896,199,22.916666666666664,779.7701821586538,13.58054601582158,2.1363426615202314,0.316838542252076,447.35595754045977,15.736100153761717,1.10562758786368,0.0010189828208010882,0.10275008422791217,9.492151718006228,6.112189598871363,2.6859069621630813,0.6168553570755438,49.702461816267956,0.15710211893760664,0.31583631172728754,0.45448320994477553,0.9274216406096697,490.6775551274475
897,897,198,22.800925925925924,779.5198372824445,25.435396460838444,4.047391874211754,0.6196724723043174,376.6795214537472,29.732281027244124,1.9186368504897793,0.0008170046939214943,0.18400796512090747,16.64944178424416,12.001121453547583,5.10909410327865,1.113016033244636,47.019711992585,0.2895205489680295,0.6031331011490756,0.8834374547409493,1.7760911048580543,458.61704780357945
898,898,200,23.032407407407405,780.3868232209002,20.224333739761462,3.194646592381598,0.49599967207795076,406.966027533367,23.582101431602773,1.6623010397058595,0.0009020605997651112,0.16564674492404516,13.574050207896942,9.735378762505245,3.9500337832557513,0.9910394216772762,48.126270624120764,0.22579431803836297,0.4704750191389224,0.7163406382011266,1.412609975378412,472.38102075723725
899,899,194,22.337962962962962,776.7497020513082,23.13109729007823,3.6308266886621,0.5134833289996693,407.3607434362917,26.727223994493116,1.830353483901373,0.0009210773716210735,0.17995441007838975,15.287454599384684,11.1004975114149,4.553748775226797,1.0522079788709648,49.1963915701556,0.28810929929245566,0.5414793317310552,0.8105651369184007,1.6401537679419116,481.7212117433308
900,900,196,22.569444444444443,781.2577256417426,26.81132549029998,3.9809305843306477,0.6243790584443336,420.90470124325714,30.853176290908387,2.1670325512600237,0.0009062511580245285,0.20747781584623307,18.300857892718227,12.387365447927683,5.269766013497111,1.2216849360409003,51.89235581534466,0.31613601313185286,0.6109628709837036,0.9798774566448285,1.906976340760385,506.33572202373085
901,901,189,21.75925925925926,780.1251919920093,25.351674428157867,4.023725107521462,0.5797590790693288,441.2410647125097,29.36282831522626,1.9809625696501598,0.0008769935450084599,0.18234145849360103,17.059680883757572,12.442232149187085,5.112415124999133,1.050382194883459,53.41191139177944,0.3022988657447304,0.5895180035463368,0.8955775483758692,1.7873944176669365,523.1156565509101
902,902,196,22.569444444444443,780.9160065527524,21.81060981675027,3.3575436323505206,0.5102638632718439,454.9889288849688,25.226268441894682,1.761740807414075,0.0009692442895367637,0.16239182692881568,14.884407540466102,10.191867542848353,4.332038399138841,0.9662168455847523,53.47970591588363,0.25311326366735115,0.4968848356664343,0.7696891763878166,1.5196872757216022,524.828526581162
903,903,195,22.453703703703702,779.6856379115407,20.413483939358766,3.521812646693185,0.49225978078703414,431.6205738149516,24.08544339647324,1.612533441494075,0.000998901831382921,0.14947143806052027,14.589622526107057,9.116007339625423,4.112061694710951,0.928681698538962,50.72215800069459,0.24597382743314547,0.4730095414453441,0.729528243284044,1.4485116121625334,497.5018397046877
904,904,193,22.22222222222222,782.4550484734501,19.112576442327118,3.0516886483445838,0.4390867038192873,469.4731359539443,22.301598112110305,1.4133322356524285,0.001030468470131632,0.13572797349542173,13.373358466629167,8.446456123995935,3.82902788139884,0.8307936271592246,53.97374561088073,0.2243629354664557,0.4528973089739585,0.7025969152429805,1.3798571596833948,530.4143113304012
905,905,196,22.569444444444443,781.4987661151379,22.83817902402024,3.625027007661122,0.5469781409187621,394.91780139281957,26.70301852248737,1.7689843815828208,0.0009069403035222265,0.18279893448282525,15.82700051667121,10.494746986043896,4.535075558656383,1.051269726707964,47.88186173458268,0.25650822960248637,0.5491707737531453,0.7698313225060519,1.5755103258616834,468.24029694154615
906,906,190,21.875,776.0406985962725,17.413358759992718,2.90533195539197,0.41084165669628325,390.6455252609184,20.22565377503655,1.478685943669438,0.0008624590188675403,0.1467875702481768,11.710604721929151,8.597652838441414,3.5572960066384063,0.7213742172456994,45.49477053025954,0.20356289089429266,0.4221646491039471,0.6173388366209053,1.243066376619145,447.3464368199172
907,907,203,23.37962962962963,783.2726966205933,23.38187250070386,3.7699095453048606,0.5239304735114214,394.0529873162343,27.156047367529116,1.897172894110301,0.0009126250105710393,0.19401669238125568,16.378477807391626,10.395062032541786,4.564743230047794,1.1259103653050966,47.9579427604342,0.2722066272023676,0.5414039613729025,0.7736717853262048,1.5872823739014748,468.64984741658185
908,908,199,22.916666666666664,780.3797202424323,18.17102027714146,3.019014016837185,0.49979621723883666,405.1100057138779,21.530051796601175,1.46743580955505,0.0009313028450317213,0.14963495999400211,12.416180856771236,8.561421917081423,3.6821168213101583,0.8397840188766488,47.269682953915876,0.2071709680236072,0.4085790589221619,0.6560060779849269,1.271756104930696,464.3029689562896
909,909,200,23.032407407407405,782.7058845965394,23.565538587537574,3.7428494644252037,0.5977693720339917,434.18983293231105,27.490240236760517,1.9229215575355207,0.0009408322909114018,0.19753650189261332,16.20652181662297,10.771105487749852,4.6813714977650065,1.098120156683711,52.11242226171886,0.2707392661932767,0.5527231380008693,0.8656086724279105,1.6890710766220565,509.94729770360806
910,910,193,22.22222222222222,777.9809615550173,15.454153186837429,2.475508488259589,0.39006060918949004,444.97589164027914,17.954756647113236,1.3292531447180889,0.0009188199165976013,0.13413065597058893,10.185406259867746,7.503499791881834,3.1141347958323453,0.6802271383231597,50.211101130054146,0.18375752962536973,0.36531386484953293,0.5834580394250526,1.1325294338999552,495.14506435222154
911,911,199,22.916666666666664,778.638044689707,16.08543983108713,2.5767031175390587,0.38902515365042817,441.00975674591365,18.810274491839632,1.3190220742779137,0.001040686422534339,0.12935112095659052,11.479722649508588,6.895507164250657,3.2255398181332993,0.7302500006973337,50.0304550076452,0.18991644586907339,0.3870201350653311,0.5295650285034649,1.1065016094378692,492.27841181420604
912,912,196,22.569444444444443,782.0020086033004,21.97092065807665,3.5799617163811033,0.538691376579191,434.3202835346817,25.836685613713563,1.660800908990302,0.0009401729899115823,0.15491422309592523,14.974560345783514,10.320322547267704,4.424784022836992,0.9738382927595388,51.540978031484556,0.26225100401690044,0.5260627285345467,0.766944742030903,1.5552584745823501,505.33740154195493
913,913,197,22.685185185185183,778.595040994213,14.269492648246256,2.5150500000570277,0.3579060930833503,472.4661291025937,16.962647217701594,1.125015594383299,0.0009410380433047162,0.10702647026494366,9.721924583742288,7.057562434598238,2.888858552983015,0.6664682956023499,52.55936457413179,0.1602884733749129,0.3530267046080661,0.48812588402437135,1.0014410620073504,519.4185385095644
914,914,196,22.569444444444443,781.9387670993585,14.293263064737003,2.3070194282418006,0.3261765418255788,432.14381305330767,16.626549171356274,1.1847744621552978,0.0009048654673452042,0.1124185859408207,9.65319644603118,6.727342398770869,2.8128184187135874,0.6809626934673055,48.468149694463904,0.17292319674664342,0.33671765789561287,0.4923620862017885,1.0020029408440447,478.2180456248276
915,915,196,22.569444444444443,781.5471855842623,14.585829048763564,2.559005788135829,0.37771608191116496,421.27176199082635,17.360228918430835,1.1480138590101712,0.000962312062235561,0.10662762954194059,9.794509091301114,7.1108876210895575,2.9908641788552166,0.6416782658390788,47.55729985179941,0.16608190220892402,0.3573145900476864,0.5038710930346426,1.027267585291253,469.1808432797572
916,916,189,21.75925925925926,781.769714400604,27.999227162762338,4.583419067434115,0.6802592607028634,417.85607522241736,32.99430788670951,2.038917945319158,0.0008546697653431867,0.18746530985469903,18.770846602243402,14.51256060827243,5.690204498823124,1.201311168066328,52.143697653953495,0.33823830201473626,0.6741421564408329,1.0077763553204053,2.0201568137759747,509.76475961390327
917,917,200,23.032407407407405,777.8257692041768,13.023909620328114,2.098487030667436,0.3134411534724008,447.70936316421427,15.218435848938094,1.0776584778697984,0.0010091672082612026,0.11772824689829735,9.108929925610383,5.86194629594075,2.551022127191667,0.6386402510936432,49.56183375602651,0.1503922714294145,0.2907616631699263,0.46443424505813646,0.9055881796574773,489.5172295634803
918,918,191,21.99074074074074,777.6554879744658,14.827357631879297,2.2008962142351765,0.32334633110414057,454.06545913876766,16.87153022474458,1.2237864004426264,0.0009138389894137386,0.10974639139001002,9.679212296504845,7.104404307638487,2.9671310487293794,0.5989614054559963,50.80108619087453,0.17043585200439995,0.3466154276793454,0.5305610222085224,1.0476123018922676,501.34114523526904
919,919,196,22.569444444444443,780.9898316169674,15.74072241306368,2.550441026674292,0.38670767057690364,431.2194798272721,18.332416892453868,1.2992544633221974,0.0009872416874116892,0.13199789698632514,11.072195317250744,7.038193294866214,3.1123853842293463,0.7392536183521958,48.92148950474781,0.18434690873369722,0.379703704368467,0.5687684115423479,1.1328190246445122,481.6846587541291
920,920,195,22.453703703703702,777.7919015040438,21.506406244279635,3.2310669433736092,0.44986109721368267,429.49178105099935,24.63834792196817,1.6928730168827273,0.0009508599424667464,0.1583488604771038,14.564794802441064,10.339366091408964,4.16779205718885,1.0030628664349839,50.74299387532753,0.23812719027051293,0.48409423584808103,0.7090519744141297,1.4312734005327237,498.1111304107023
921,921,189,21.75925925925926,782.6422494486005,24.03086615517016,3.799836025713155,0.545980742038561,408.03706359695053,27.91399233896464,1.8462744471897017,0.0007811106804955987,0.16807661362688123,15.322853026050625,12.708634578674939,4.847105165960428,1.005924457639877,49.61578550855333,0.2767977248828496,0.5850891248449738,0.8228492403962423,1.6847360901240656,486.5892713227335
922,922,193,22.22222222222222,780.4739226135936,13.441432623042214,2.0672705351489795,0.31642540254157414,462.43217842266955,15.599041537022213,1.0376628769900114,0.0010857389193458826,0.09963949246559684,9.178313317515894,6.2837881066647,2.6809828718332294,0.5885526956151195,51.16974320738909,0.15850434016778917,0.31460560114023584,0.4749098628421605,0.9480198041501855,505.4960801070627
923,923,194,22.337962962962962,782.834626263325,13.61680923282428,2.2199611796988763,0.34282446056550225,452.327480731144,16.050283754877192,1.002828763589741,0.0009159398907207813,0.09777601593218514,9.336273861521697,6.529042201284579,2.7529408917620244,0.6009058376168728,50.26927729646815,0.16164583396861334,0.3159995861165313,0.4950866123161246,0.9727320324012693,496.51450104158727
924,924,199,22.916666666666664,781.7047788108333,21.250219372350966,3.2803475743152655,0.5251825328325528,431.2137532929375,24.657318245059074,1.752829571581591,0.0009425974688605153,0.16808980751154554,14.955601424056345,9.401405679112964,4.184030660912191,0.9989697206456853,50.91991687404932,0.2415257428467524,0.4951991148974573,0.7496970391121368,1.4864218968563465,498.91951095158447
925,925,196,22.569444444444443,777.3715514066726,17.547796236575696,2.79682241840132,0.4089848989537273,426.6198413401516,20.398664327783973,1.4390771362596908,0.0009154532406040165,0.14256548225270238,12.1280322908893,8.078047666902815,3.5271900600794184,0.7637366436316367,49.1165973212661,0.2028800192542833,0.42002565778531886,0.6162060195734611,1.2391116966130633,482.9627533608463
926,926,201,23.148148148148145,783.3382043969659,13.712255058550564,2.0450379138524992,0.30312280338070013,446.37139144537235,15.714041573078529,1.1357819160970162,0.001025696794944678,0.12324111046677567,9.57481282605581,5.643742644529645,2.6794717032560493,0.6297741000267443,49.62098010413735,0.15859812400796888,0.30520839373148023,0.4554954533583189,0.9193019710977681,489.2781879365037
927,927,198,22.800925925925924,781.046443794513,18.686206818575297,2.715201155064146,0.40915367764513944,466.7853672034397,21.187439599573462,1.6015784117854721,0.0010169743699886648,0.15765212869205047,12.780638639112757,8.482153101522517,3.596133063370603,0.8748229841882429,53.43865965348065,0.2119654636809152,0.4220677610033752,0.6403492108317894,1.2743824355160798,525.7711075537427
928,928,193,22.22222222222222,779.0346384939643,15.12913370856488,2.572781443941595,0.3546214144749446,448.320420255146,17.661715710185426,1.3023197618145146,0.0010080130099045979,0.11823356023903941,10.360711716772744,7.205862490752987,3.068331071416615,0.6620948292104367,50.42786965372455,0.16942178306324107,0.35589353767169923,0.5428312147996278,1.0681465355345683,497.46466879429084
929,929,190,21.875,783.2870433619712,17.749332945125108,2.67251882456824,0.40696081437015463,434.8218092751377,20.588782523664907,1.3063598552796778,0.0009649841489313769,0.12356566995989933,12.079874168794248,8.38608752837172,3.5381440761837184,0.7722230416149284,49.99689826075995,0.2205530741423902,0.4193414225909788,0.6613689000394029,1.3012633967727718,491.66801293519774
930,930,189,21.75925925925926,780.5844643286247,23.14335567467173,3.350604180817991,0.47389677077471437,405.70734850283276,26.23686060515397,1.9438187302522971,0.0009140827401616392,0.18040479042822727,15.052137018284377,11.327128802211554,4.572842575096426,0.9803495900677454,48.98640971808574,0.269876518910619,0.5560196494317946,0.8351557564185336,1.661051924760947,479.5785762298086
931,931,193,22.22222222222222,776.4280371039453,12.39020781678523,2.003657463111324,0.2815774727903259,419.4085227542941,14.453571710981228,0.9576187247908986,0.00096683729576404,0.08548740903275057,8.846626071192166,5.675150925664857,2.489956026197481,0.5428100678287004,46.50209901296534,0.15122778741613677,0.2891112145636465,0.4368120944784339,0.8771510964582172,459.16667830523096
932,932,198,22.800925925925924,780.9094761255449,18.975121548807003,3.182005553287701,0.44712779994412305,436.4729876290619,22.33282089843858,1.4767213405062538,0.000928110733568578,0.14537962782885355,12.491157500518668,9.096299236261787,3.7560029797696637,0.9150706612218847,50.66721382424809,0.23379262296745465,0.4680791297855976,0.6657926880640794,1.3676644408171317,498.1681298266784
933,933,194,22.337962962962962,777.3999751772266,23.78875272127268,3.6479200753080336,0.5102618608679194,420.4922532431932,27.4764575835498,1.7971057515981346,0.0008694561026762874,0.17008783747883865,16.249461852859262,10.815810473779358,4.724304283818848,1.0293672860348368,50.74515656273528,0.2847302118268507,0.5607773139825875,0.8617179179330294,1.7072254437424677,496.16041601674686
934,934,202,23.26388888888889,780.3013820965057,26.42384997141097,4.392292284515044,0.6749710252247366,376.11749387115833,30.982298498558603,2.2102154109413323,0.0008202166086149223,0.21864075531617028,18.13963753664193,12.557382142555985,5.338784396449702,1.1689762327501725,47.37913539330741,0.31241108872781814,0.6173880013331207,0.9406263034257021,1.8704253934866408,461.9561501989762
935,935,200,23.032407407407405,778.1100352095817,17.83861200790998,3.021415657777213,0.4544886749657349,408.64683087277893,20.90163199792098,1.549838689725433,0.0009212789351241886,0.15289140983191443,12.982651133882289,7.802183165948216,3.6190748731710247,0.7885686355526893,47.46802124537909,0.215588824805791,0.41937925090268136,0.6130120715233366,1.247980147231809,466.02443741174903
936,936,199,22.916666666666664,780.2085751285982,20.664230613732975,3.3894347554259716,0.5032102024739783,446.3747038928956,24.329070471159945,1.6328474530293993,0.0010109178244692115,0.16921332270900086,14.934417474744636,9.173674599196502,4.0987217052204175,0.9923700081787902,52.26878307960928,0.24649804101758505,0.47574432176932446,0.7135088964470446,1.435751259233954,512.764239201081
937,937,194,22.337962962962962,783.3501203754787,27.66658099650292,4.394850630897509,0.5812947844487684,417.1520328551848,32.05007559694506,2.1000813246767627,0.0009343972979524364,0.221846303667861,18.779501815558145,12.845756428767986,5.487100626093812,1.2252180228958167,51.868661904302144,0.3447633046008158,0.6791311318798341,1.0199900185003585,2.0438844549810087,505.7696564223603
938,938,195,22.453703703703702,782.8945493873961,22.83170807034579,3.418757829115603,0.4863020885345146,452.1529609112535,26.30674585372301,1.6925396178252265,0.0010205519969530327,0.16900344993531607,14.337803748273524,11.100869732451267,4.4639595058796,1.03630904959782,53.52458573293139,0.2745752831397364,0.503819322188441,0.8150910895022554,1.5934856948304328,525.2536623554889
939,939,191,21.99074074074074,777.7977514009784,19.312526011039534,3.1177294336290937,0.4996345347112795,448.92354326731504,22.673168929566444,1.5314776297051755,0.0008765384941643056,0.13898268485060228,12.990318624887312,9.219492757624616,3.8981689551466787,0.8593490067110674,52.03308936967224,0.2262946270570781,0.4699365181110229,0.6733581881016814,1.3695893332697824,511.54453908206347
940,940,193,22.22222222222222,783.4179671534279,14.500733419426036,2.1664436957515725,0.31085737141168385,457.4222096347553,16.58180715401038,1.140346723233968,0.0009414592642833992,0.11384112941135971,9.783911985202984,6.696595537998692,2.868634771120493,0.6127330869998523,51.01886892109523,0.17832351145532296,0.3380279643740986,0.5297296076758833,1.046081083505305,503.46122506688897
941,941,199,22.916666666666664,782.7274571076241,23.113087040544347,3.726455908801046,0.499173245117796,433.65277967086735,26.796530497682305,1.8303656427440755,0.0009742621968046855,0.19528489391602033,14.832764113003979,11.349199296373754,4.584104125784665,1.037108765119931,51.82770478962005,0.24871453648286182,0.523962847890306,0.8330960325185925,1.6057734168917603,508.3908367660398
942,942,197,22.685185185185183,778.4868592235108,26.5655214449761,4.268013620235692,0.6286684606203193,400.8726112196137,30.943153088551654,2.0991360338252383,0.0008871474413462652,0.20397166774769016,18.0813538110105,12.86350775145838,5.300189312618198,1.1954444973049536,49.85375570720631,0.30383133611869945,0.607797958324139,0.9499120110849566,1.861541305527795,486.802645549921
943,943,197,22.685185185185183,777.3715922838281,19.35688806720087,3.090516284236362,0.4643969506206933,406.99279430328613,22.420042434720386,1.6003603263833175,0.000940823105390873,0.15168376980791987,12.982733131596374,9.367459405124182,3.8521808260892114,0.8675288028460959,47.809614412116574,0.2244281015991806,0.4719798848516691,0.6821876078902563,1.378595594341106,469.54338758776174
944,944,194,22.337962962962962,778.1844268254715,24.897349856947372,3.9519492124775053,0.6072519505684891,431.6486794918728,28.72858621829074,2.1585798239566243,0.0010123071876817287,0.2102515790950907,16.79292202198774,12.155350684666288,4.872354655438562,1.1953838278580151,52.32886542527873,0.30301021703043446,0.6129294968215832,0.9220118228150466,1.837951536667064,512.2647011450263
945,945,196,22.569444444444443,782.7045440467094,20.131122129305666,3.450736912573038,0.48376810805373005,421.33195969127775,23.71362066642719,1.5756010500122388,0.0009187352068154668,0.1510307619675466,13.81202896849516,9.725526276228788,4.062485395880796,0.9053730960113755,49.60148532343245,0.23732690045822596,0.4943369266527478,0.7450593531373095,1.4767231802482832,487.00886600319325
946,946,195,22.453703703703702,778.3440226692402,20.881497535772972,3.1104593906399547,0.488632418791436,380.3807794070884,23.96424549387724,1.679148686814768,0.0008023490580533944,0.15713463825286753,14.316813557411002,9.068054452863327,4.120201221349142,0.9206875535811041,45.64224629470697,0.2481337991985065,0.4725309155496946,0.719122635223245,1.4397873499714462,446.2114304980607
947,947,190,21.875,778.0759433215337,18.383900967143425,2.734457909705965,0.3726041193184908,402.43985230161735,21.088076493985415,1.3482115967995916,0.0008312897674797912,0.1257776106019162,11.949997325363388,9.02378103510564,3.6000906912328166,0.8056988425235563,46.926580445231174,0.21179234156142668,0.4532646049209017,0.6634751280592621,1.3285320745415905,461.25181493234317
948,948,189,21.75925925925926,779.9401670600656,14.518824055074194,2.3552022346733827,0.3274588947458933,448.2827490993631,16.92435440882347,1.116331114319701,0.0009748345879459828,0.0996934902718323,10.010517559065041,6.8982637637262805,2.9081192393847553,0.6346105492242723,50.177021918157855,0.17655978632961786,0.371946934484664,0.52462907950419,1.0731358003184719,495.13971748451326
949,949,200,23.032407407407405,779.6967617074845,24.02966054921196,4.041241328580149,0.5891314959878386,382.337534224777,28.324607855560696,1.8717825302091888,0.0008399250758766286,0.19322631953327293,16.797573380979593,10.644438637669909,4.718685848857325,1.2002265796420173,47.100193476417026,0.2795077650659,0.5747245662542921,0.7959542460094667,1.650186577329659,459.60156187243484
950,950,195,22.453703703703702,777.0978843794608,14.553458585628837,2.1609211218086335,0.3237351896257897,433.6020347419846,16.691671795832583,1.1785414733239081,0.0009627356240322363,0.11727302590011698,10.079570895026233,6.612701902439697,2.8822754076203023,0.6354908651949489,48.66551275018763,0.17242698007243484,0.3210231589690834,0.5132078749312913,1.0066580139728094,479.7657248589562
951,951,196,22.569444444444443,780.120891098873,21.353657761492475,3.1963397478106095,0.48434272418957597,417.42339217068456,24.53731039146631,1.6889605300412895,0.0009229475896624139,0.15887421246054764,14.054787139742281,10.40835091000815,4.199600554511988,0.9487693759806645,49.509008159432895,0.2436850133478477,0.5258608907677432,0.6938881435284219,1.4634340476440129,485.8639553738798
952,952,190,21.875,778.6195301623125,19.23319864297656,2.7374213786796275,0.4300106955264629,433.11381501161475,21.967399665817517,1.4634017197802134,0.0009021338742309187,0.13082040440383277,12.953768385768889,9.104894386828878,3.7436839378595246,0.8633034000719886,50.3010850553799,0.22767051877923603,0.44950645037002107,0.7149331883939273,1.3921101575431845,494.18096153497675
953,953,188,21.64351851851852,776.9435135257432,21.198924524668676,3.251279718401285,0.5033988449330737,401.6046891808672,24.7008240241782,1.5394028200540486,0.0008375388141819267,0.1514839074988717,14.343873774403214,10.09169293245997,4.216787441159743,0.9422468050936383,47.934591533292824,0.24705554447897646,0.48454737646555646,0.7689907653762054,1.5005936863207383,469.7021614244496
954,954,191,21.99074074074074,781.3813863241738,20.857891557791852,3.3573060270211412,0.5086694470601233,414.14122089729636,24.26434736025821,1.698793295764709,0.0008903414463468024,0.168786449754237,13.416988553498241,10.404330898236356,4.181812422617853,0.9216565279187472,49.09046715382519,0.24021503288111112,0.4825984601676867,0.7532075911323004,1.4760210841810983,481.98172630934704
955,955,193,22.22222222222222,780.7115023790162,27.43728973925339,4.20417325636785,0.581663702226472,431.05151739563746,31.62781001398014,2.1007156804680536,0.0008760361519177936,0.19059935004268996,18.83509860046992,12.13414471510261,5.439619436131251,1.1888053248318196,53.1254100094717,0.3245411720954574,0.6311425733930834,1.008269390934281,1.963953136422822,517.9211677866165
956,956,191,21.99074074074074,781.6613059477611,16.894659996585954,2.7426304488852122,0.37769038909250474,422.5119874005888,19.629279973501244,1.3427424780140926,0.0008809679634652447,0.12936543029209735,11.022585541430416,8.326884895333247,3.367707462832616,0.7546268358735542,48.45950476316426,0.20085188606218884,0.37826873189654936,0.6224118812552554,1.2015324992139935,477.2799887781768
957,957,198,22.800925925925924,780.9670578427535,26.878264114928538,4.626299399994911,0.6561227864309295,423.13791739402984,31.648209544676767,2.1822199857993883,0.0008738829603772388,0.21636130269805304,18.989332036845724,12.72229460180758,5.443860157828747,1.193150120950696,52.264554506521144,0.3049601360344082,0.6129303777259689,0.9788551736513006,1.8967456874116777,510.60231897951746
958,958,192,22.10648148148148,780.0120619165209,22.12187247578361,3.5659319574506654,0.48923980507433834,449.45552328632317,25.815102480347708,1.7041643880582187,0.0009394480828914537,0.15679775900336915,14.549935937208808,11.079023719793055,4.354904750527272,1.0378049788142776,53.08060918169142,0.26339018197320463,0.5234261972087026,0.8197287000277576,1.6065450792096647,521.3878501284682
959,959,195,22.453703703703702,777.8933678248618,23.114922709294678,3.494475998336927,0.5295830825700066,441.8963789262211,26.76113225936586,1.6968677222112813,0.000927867715315464,0.16776689969438244,15.49333965609126,10.827211921738323,4.624760870531532,0.9682931835419942,52.623212120457595,0.26995957092046347,0.544316957002656,0.7888383291450343,1.6031148570681537,515.6854362982896
960,960,193,22.22222222222222,781.4990905286049,23.454965887811632,3.5407972759819826,0.5149552315444907,407.98469648624587,26.951723085398616,1.8705039725505768,0.0008581736987314047,0.16581426706144142,15.627118715068447,11.348829727348862,4.667994114528279,0.995515817711969,49.368858233456535,0.284558233163008,0.5636221743243055,0.8529773616355348,1.7011577691228483,483.19781180900526
961,961,194,22.337962962962962,781.9252446249819,23.557033645229772,3.8193176095068626,0.6067053935566498,413.91615656648986,27.573857253318838,1.9742059103859697,0.000840999559974377,0.1946218103771648,15.556209168949694,11.645977698750132,4.736901231301758,1.0687573022124868,50.10479875342769,0.2888775135216531,0.5517547549664198,0.8315531822436723,1.672185450731745,490.7665608714212
962,962,196,22.569444444444443,779.1608878100109,19.997833583007857,3.063394806888882,0.46440274196020614,439.46301182562536,23.18595638231009,1.5532555621463895,0.0009605365268284884,0.14948406145551837,13.964301505674353,9.203670245049768,3.936323427360227,0.915132098248971,51.266865422678926,0.23543658352584537,0.4917303086311227,0.6950311569533586,1.4221980491103268,503.3556233196903
963,963,197,22.685185185185183,779.0267223906883,25.360715278797016,3.8971951810415635,0.6004027625020776,372.95487382889735,29.499141501777405,1.8844909596604316,0.0008127612685577176,0.19545136634518256,18.005352230985068,11.266050997948959,5.020752886012322,1.1431161402640064,46.59787087125148,0.30621592813262477,0.603106197667248,0.9162625233083249,1.8255846491081977,453.64858831362307
964,964,202,23.26388888888889,783.0709981776669,18.722208861979922,3.1077009808916753,0.470678047634562,389.7798832665475,22.023588626970945,1.5872955769344193,0.0008807311314804563,0.15691283787055588,12.878724593633546,8.899399389088776,3.712542627582859,0.9114748004237748,45.89669507221475,0.2164121134506964,0.4228945035449216,0.6409007507479328,1.2802073677435508,450.6527731148
965,965,200,23.032407407407405,781.4624812434229,27.957910290423985,4.2392956822754195,0.6129330963125389,437.237259661486,31.96627889304992,2.391606778570321,0.0009405221103098747,0.24571525615462791,18.72664953812153,12.99066493334931,5.509300855211408,1.2518651849919862,53.93043212696955,0.3162703921749749,0.6366286396265595,1.0160376093352779,1.9689366411368123,526.3727077950728
966,966,201,23.148148148148145,782.7379244896925,20.275898372470017,3.349049837462932,0.5290785166572599,413.8417726965979,23.937653004576035,1.6745599920265737,0.0008895379076570533,0.1686909129651999,13.94361810259397,9.42315434202766,4.138856983747201,0.9032538678739295,48.92697295998928,0.23114096523232922,0.4954353943059813,0.7070448570112514,1.4336212165495619,479.6764792808618
967,967,195,22.453703703703702,779.4948793099171,17.00635083930035,2.5870747483020717,0.3705753650117201,418.8300179448127,19.638886087245982,1.3361277459609435,0.0009690492509583964,0.13090202083966865,10.945823241679333,8.624205195415152,3.4028027318384124,0.720474976556235,48.101124770152225,0.19842894407517284,0.39784096042061173,0.5983064086747183,1.194576313170503,473.8429630177046
968,968,196,22.569444444444443,780.3216284780646,26.331473809440425,4.188064803315041,0.685187977381165,392.60434782060616,30.959498449485057,2.0259929410345716,0.0009181517908102603,0.2138494107179839,18.311622320606194,12.349074833317168,5.274975932070784,1.2127419777716428,49.029015328772,0.3102428355658881,0.653334303273919,0.9991963639629442,1.9627735028027513,477.80889960973366
969,969,190,21.875,783.5263011804905,19.186001759714767,2.970924626540658,0.4500804296868558,404.4347082102938,22.21785653324974,1.5087500916213048,0.0008951140005154547,0.13640014085458227,13.365891944390382,9.052639173442854,3.806551945778174,0.858993878486855,47.47576518350625,0.22680461428785295,0.457687431711615,0.6735332941228074,1.3580253401222753,465.9818272437924
970,970,194,22.337962962962962,780.9798726411569,19.525704799366856,2.998410749877416,0.4306186170726981,421.7273798259857,22.567420409585466,1.4772271764932223,0.0008891857970794123,0.14922126052780335,12.756092677266695,9.50069670967925,3.8768186593245586,0.8534510970793839,49.301867073834494,0.2278109321278086,0.43854632489599304,0.6860332123558767,1.3523904693796784,484.460228960169
971,971,199,22.916666666666664,777.3112371462761,16.13684942490126,2.4845826957933466,0.35065128094071235,446.2123150711566,18.46749502585418,1.369664995998406,0.0009655845990432741,0.13446422883953274,10.774979611168144,7.258557628300161,3.18246727389326,0.7212830864901204,50.507707172993044,0.190172676015241,0.350893344601745,0.5772381096978062,1.118304130314792,497.4376004270814
972,972,192,22.10648148148148,777.0800189146215,23.58573582754055,3.8421738713158198,0.5490917738988145,392.73717891922934,27.441869472752455,1.8891310057954191,0.0008259521437211078,0.19285537816975357,16.30946030464977,10.880885467692503,4.646238541000889,1.1155750363730768,47.94156409130578,0.2806399674489097,0.5295629621352328,0.8487638560364935,1.658966785620636,468.54052803153303
973,973,196,22.569444444444443,778.8416705790897,21.61947763791384,3.162436742636691,0.4877335947607812,437.2365984930497,24.70342836453804,1.7537454670667134,0.0009298151871250957,0.16427187635596177,14.653353506630745,9.750594126489675,4.148201655994028,1.042993949503696,51.585829957526144,0.26592935057942685,0.511452235165046,0.7651236837466188,1.5425052694910915,505.61291699298727
974,974,195,22.453703703703702,782.1487996446048,25.64999990079978,4.25022064062877,0.6435990702900245,432.5390951015859,30.141766000603685,2.0453704274489803,0.000919152630774952,0.20856920112868746,18.543502407644908,11.106792077442991,5.1819183603706565,1.1470436747509056,52.75229034675063,0.31791833759895627,0.579675053025612,0.9339787651042069,1.8315721557287752,514.74686576341
975,975,194,22.337962962962962,779.0357027399823,21.017880168142614,3.1540591810229373,0.5123230012627802,380.47716741813235,24.340171525620104,1.636928041354247,0.00087164242714771,0.1462921834707755,13.828322022243334,10.267693237260323,4.182612889383066,0.9216882098374222,45.74367876327186,0.24901776821262966,0.4816703208963325,0.753775260660366,1.4844633497693283,448.1421508476832
976,976,195,22.453703703703702,776.933623587543,23.71932651802226,3.5960539556669535,0.5463015866197504,415.47174350803186,27.3312865021496,1.847707411515659,0.000854771574970613,0.18244988711917703,16.08382578977419,11.032589012251707,4.669650845688796,1.0598439314300743,50.20556938983653,0.292706881191988,0.5416724925511565,0.8534012629606416,1.687780636703786,491.14558856677456
977,977,194,22.337962962962962,781.49729187468,21.97834062979655,3.247080506514666,0.515513737381946,432.6552985512246,25.22316153586117,1.8250726565891988,0.0009069904974368124,0.18738942856762164,14.510182593390086,10.918499073004115,4.326391754739732,0.9939829579558918,51.299855783833216,0.2616926017529465,0.51947598419008,0.7828227868917534,1.56399137283478,503.43562919496765
978,978,196,22.569444444444443,779.5828328882794,25.501352424121325,4.146934962431484,0.6196935658500746,444.2021747648555,29.58771176354426,2.2466490028687214,0.0009246885188808911,0.2093040609552023,17.237229614918174,12.10641637139945,5.125293970042606,1.1377722477973333,53.82167222982015,0.28134227947042617,0.6011377188932058,0.9001057382500717,1.7825857366137037,526.6668135589986
979,979,196,22.569444444444443,776.9274525575152,29.83413583781096,4.930814356421037,0.6975081198245466,411.3929053888192,34.96565103865547,2.291131721953385,0.0008466780025685189,0.22870382666216044,20.27478692903719,13.349963645011615,5.976625189291953,1.3509117410240574,52.15343291094444,0.3690999722886336,0.7064820301493976,1.055302415638968,2.1308844180769992,507.15008196155395
980,980,196,22.569444444444443,778.3971243760242,18.19437827422726,2.7596397047938517,0.3952585110551934,446.5755956620673,20.920246493110927,1.4804360984070106,0.0009699413130678837,0.14007016932455132,12.094199359955374,8.992527503274932,3.5731660196295465,0.8229701573860494,51.293802999710174,0.214821629271659,0.42275886637490034,0.6371753500052917,1.274755845651851,505.13001438024156
981,981,190,21.875,782.1312700637753,16.687028637734517,2.5997475032160797,0.3961903617720629,426.59707524350097,19.476700870415407,1.2042081654306775,0.0008514274615496995,0.12063385603815761,11.102561117344175,8.208454117575073,3.279456405354524,0.786491104869442,48.7963192328576,0.20424557497971788,0.39843818564691996,0.6153808894039311,1.218064650030569,480.57490234339906
982,982,198,22.800925925925924,778.7768165641697,20.63370015965251,3.4178021351095307,0.520826661157929,411.27517322417543,24.260922051555536,1.6512972080791701,0.0008764878908041205,0.15771649203012544,13.693963425169674,9.62689879525753,4.101429453036579,0.9849035990948447,48.75439790500844,0.24666196325137432,0.4805150948997585,0.7188154100131604,1.4459924681642933,478.0775387352043
983,983,197,22.685185185185183,779.9102244162514,20.248476184808535,3.3762224362975677,0.5052946632660075,423.8129738994224,23.815641462943987,1.6334917541202008,0.0009534666280542974,0.15508721808488127,13.522175476329016,10.091198494016322,4.149414997841539,0.8555907676534786,49.878000214382745,0.24248409838811008,0.4515933859938266,0.7206177897533194,1.4146952741352559,490.0590406192182
984,984,193,22.22222222222222,782.1022438687405,18.903798293713937,2.77439380334876,0.4005903028530046,422.5293282954664,21.50159140193544,1.5993837006583984,0.0009414077364271445,0.15894404859190037,12.596293517269938,9.073189454531988,3.6656608518611984,0.8726571420404905,49.12221650106827,0.21792836234309582,0.451280805026262,0.6658994636868527,1.3351086310562106,482.81558733379427
985,985,202,23.26388888888889,777.7404475616185,21.90899595615133,3.4229072124698856,0.5478419061760619,412.5903509219184,25.595087645741643,1.8043310908522614,0.0009551144755832867,0.18325494623272864,14.831798570357863,10.256305259407922,4.373043050282784,1.0058499820850069,49.33970974634472,0.2590108536092105,0.5097481729032635,0.7793683255176421,1.5481273520301162,483.23705043782365
986,986,201,23.148148148148145,779.892418079444,19.393948560239952,3.1231983083907644,0.4897426918639822,449.7937956276291,22.617845618919567,1.6760252858522078,0.000926547392764061,0.1677681095457793,13.238166538403643,8.975699075053152,3.874083718338112,0.8927446807137741,52.12827618198682,0.22269449778135728,0.4379076062641153,0.6808323327667075,1.3414344368121802,512.3472126607512
987,987,198,22.800925925925924,777.6082355085108,17.39679908257464,3.012296679984409,0.45391826646108036,414.19148003089003,20.706313260807224,1.3675360470087476,0.0008943756133775244,0.12578826597419623,12.060187435478193,8.183221061437317,3.4704993272628237,0.8559598861534408,47.88375069964882,0.21137997831003438,0.392851297737523,0.6032341023951469,1.2074653784427043,470.97217166261004
988,988,198,22.800925925925924,780.1484863249268,22.61583842767607,3.746277297273679,0.5483156629563103,408.30096687920854,26.380557380551725,1.8350060793317624,0.0008927928816565768,0.1942865374601382,15.645431151585537,10.409891246082221,4.517080178434599,1.0236440544144063,49.168403378012066,0.2756757541753821,0.5505218056183171,0.7980406658869162,1.6242382256806156,481.1969947619517
989,989,194,22.337962962962962,778.8797403457111,14.5259489917435,2.486770523854649,0.37411460208180286,442.9124786245479,17.052556317436498,1.2392730043201825,0.0010070745718217036,0.11448440399154237,10.196512520219375,6.975537328779522,2.929596436600216,0.6627609322210879,49.66949886256746,0.1755811691202135,0.3257219589261336,0.5086930298839996,1.0099961579303467,490.284524398079
990,990,190,21.875,776.4993445475745,23.698492199681816,3.589901067793276,0.5655669937554638,431.705856525788,27.37794682146306,1.911485060977409,0.0009137167760334678,0.1835412169729044,15.503669382560018,11.652957095255275,4.737542280353341,1.0256676398797195,51.86717858821415,0.27468393600066593,0.5600903662754106,0.8729038657060587,1.7076781679821353,508.15754878667843
991,991,192,22.10648148148148,778.7729589881693,13.910200519106244,2.3293211243985184,0.38502584084227054,454.1468060134806,16.440976501151916,1.092529778960486,0.0009882926730999668,0.11584788592520172,9.238005288919853,6.871750952275297,2.8426511958641547,0.6113410625667375,50.58717945685109,0.16126217313955665,0.34789817711495374,0.4832231199318858,0.9923834701863962,499.73982263743096
992,992,196,22.569444444444443,776.7173687776066,16.470067963867614,2.7407564013955614,0.38595982538188317,455.908055215403,19.288171485130317,1.300635508719147,0.0010468990583698049,0.12392937607003786,11.205098861108423,7.412085915746806,3.362444557936783,0.6878855191252982,51.685195384838195,0.18921122019602346,0.4011462373189457,0.6128334208154934,1.2031908783304626,508.8842295461653
993,993,200,23.032407407407405,778.7336110707611,17.05919126424765,2.90295955560687,0.44259291614777097,387.4245782748198,20.205481934954943,1.3707188858626287,0.0007994614803965153,0.1378701237067639,12.027706543193961,7.8340819791627965,3.470330815687593,0.7655658413994374,45.07046653608156,0.20322976543523735,0.3815309925691512,0.5855208331707116,1.1702815911751,442.78445264425176
994,994,198,22.800925925925924,783.4086442977624,26.555766180828513,4.414934873068569,0.6514605949266254,428.5761252831014,31.112441203479328,2.17629245391302,0.0010325701043218227,0.2087293666617296,18.15138703808494,12.281018630531438,5.3495451868718495,1.1864356323170986,52.68954371084932,0.31121067003333863,0.6377941025463403,0.9915217282305598,1.9405265008102388,514.454308476614
995,995,202,23.26388888888889,782.6416546147848,20.033408399584896,3.2882154766639182,0.5357412871564022,435.12679902387583,23.527108198127348,1.6702344836177991,0.001031485574490717,0.16629616116740373,14.070858430858234,8.831856816753515,4.03605442025267,0.912201077273624,50.92387243749272,0.227178436009177,0.4853012094196436,0.680236104935859,1.3927157503646796,499.5216625804126
996,996,198,22.800925925925924,780.1749252705598,15.609077214636299,2.4763415013430152,0.3609904071363493,435.7693243347392,18.095085304680406,1.3218479022432204,0.001024468771449509,0.11938839823639437,10.557463123973257,7.51350281836835,3.075000334958361,0.730935941617696,49.31390540401131,0.17612572440477975,0.3749664462869938,0.5705107762709359,1.1216029469627093,486.1941215736934
997,997,198,22.800925925925924,778.6885136363417,16.052054350586907,2.5319210295109937,0.3750165684720153,405.40436202347536,18.589788871057124,1.3296177413295236,0.0008920948976725983,0.12523163667999684,10.944325529282246,7.46359835213424,3.1955653173366034,0.7102687496853356,46.411358563118704,0.1897175664433373,0.35025750601628136,0.5505790447844316,1.0905541172440503,456.8688708524098
998,998,196,22.569444444444443,780.805589858404,14.90879825036898,2.1500755215020564,0.32942278969150973,476.219360444505,17.07856267010584,1.1657132813093936,0.0011389845331052743,0.10938445870770175,9.765013410040925,6.941606097189755,2.8971848003454164,0.6830209828703266,53.04260571825022,0.17104681107593733,0.3532244458786711,0.5350743962183618,1.0593456531729704,523.5436139343019
999,999,195,22.453703703703702,779.0399069133108,16.774416776680496,2.519113816607239,0.3604636660625049,395.75001648195393,19.13436065653536,1.4346068802699177,0.0008104932451823659,0.14052527390248282,10.855500571829815,7.825063909190273,3.3311136847772422,0.7143440683423535,45.68693541501995,0.201166705566926,0.3967292143662407,0.5809960074513854,1.178891927384552,449.16372763495156
1000,1000,199,22.916666666666664,777.7765658379332,18.94553673939825,3.277908345692783,0.46146079563725345,435.80281020843796,22.300865119615054,1.5802030440928891,0.0008979882751125359,0.17090161484198166,12.987611192301467,8.731395713014996,3.8011941801950044,0.8955272151154225,50.612628370352844,0.2231996737993932,0.42656569798825017,0.6868172956632563,1.3365826674508998,497.3052836317676
1001,1001,191,21.99074074074074,780.8405295414717,13.608688758636701,2.0784318893117697,0.3196643388812331,453.90156697232527,15.741419511949731,1.0572401049501117,0.0009524590822926608,0.10185658011248822,9.134742005028478,6.56685305178307,2.655618441773191,0.6407059593633175,50.36137992450561,0.15172433979610608,0.3314390633042619,0.46844250681750377,0.9516059099178718,497.62460397808707
1002,1002,203,23.37962962962963,780.4127448421559,14.877681224578497,2.4217556642314264,0.3480484399891567,455.8448186134524,17.37730753151291,1.2395629318393726,0.0010220761828712507,0.11638622985453277,10.066152911182144,6.958644430244408,2.976827198317129,0.673056551705651,51.05856355116241,0.16822479250010358,0.3408215774987367,0.510437924960365,1.0194842949592053,503.8545951868675
1003,1003,197,22.685185185185183,782.2853925591737,30.081699568456198,4.927226695069831,0.7422696926811791,408.8890354566581,35.14266913561963,2.5264093911696226,0.0008799716745971378,0.24603107222565151,20.777031106804955,13.721185100626553,6.009969559413574,1.3985141635245353,52.005401210680716,0.36266909846547885,0.734650869676177,1.0234193810437127,2.1207393491853685,505.8066291563047
1004,1004,190,21.875,777.2315133120721,15.597241675367822,2.2742280609876517,0.3384723581250342,452.0526670922283,17.971373722811993,1.136268585538585,0.0009885459608007018,0.10938979017637342,10.347007728166934,7.683767388015266,3.027430701646651,0.7198704729948732,50.881030152553606,0.18676068264644954,0.3707140977839772,0.5599134048800858,1.1173881853105125,502.0290865791639
1005,1005,196,22.569444444444443,781.3393176996218,25.69294116993955,3.8906790019007267,0.6171288475702033,406.2121088946042,29.859146759234044,1.9311873562535593,0.0008390100854449508,0.19616382448303746,16.736509644927317,12.678328797837866,5.037313325564114,1.1976247000490623,49.99964077074542,0.29294691465009715,0.5867875949740382,0.8602586378845397,1.7399931475086752,489.0534548350305
1006,1006,194,22.337962962962962,778.6251120446624,19.8231612939711,3.156512346217111,0.4529987925649291,427.61406898498984,22.98816843924221,1.627146360873272,0.000896665247071462,0.14624109793115436,13.564073785862094,9.36107016132126,3.9591987697964077,0.8816203904879224,50.04811748105162,0.22823071527046376,0.456055554467065,0.7204873450236304,1.4047736147611594,491.4158569174034
1007,1007,192,22.10648148148148,778.7357083640744,21.0170467643169,3.2365255285210583,0.5219887190623951,409.7440862922467,24.279755330035908,1.730729818423311,0.0009330688639668417,0.164576900215804,14.844582022733183,9.747787193732819,4.252591861314487,0.866631175928287,48.68084155951701,0.2577101458262259,0.4729269181306965,0.7405908651881403,1.4712279291450627,477.03388058180684
1008,1008,199,22.916666666666664,780.6019848840576,16.857712349982734,2.9814387611283135,0.4009192491469682,438.74927571003224,19.897810636327392,1.4291204965111857,0.0009680273209199423,0.1310613864488251,11.712717743439612,8.049140009905392,3.360969883421976,0.8171705638046239,50.12869612700336,0.20310996131842293,0.40297563678693626,0.5752988678803032,1.1813844659856625,493.8569715400163
1009,1009,189,21.75925925925926,777.754619454681,23.289112921258997,3.583402326531016,0.5449422025397589,392.45584546699376,27.185588232477908,1.6547602097039071,0.000781390243829842,0.15515908993192626,15.861809259961994,11.410910208565678,4.681322644354571,0.9861089531530646,47.785607337547006,0.2799024234471019,0.558499071909307,0.8091133568074943,1.6475148521639031,467.5954484979183
1010,1010,190,21.875,779.0668050679889,20.772032911023228,3.2448258706291337,0.46273868317039846,415.41892425251683,23.906185442432403,1.672804975320552,0.0008811078474619344,0.1526024090892175,13.812485506927537,9.998859573799377,4.107104689542893,0.9237322912983345,49.127945768294886,0.24393091570753545,0.48016930392951823,0.7244242382406587,1.4485244578777123,482.1092166645476
1011,1011,198,22.800925925925924,783.1945465880042,24.39072129741664,4.0914712820950525,0.5717972238424968,406.769719413958,28.483803408377884,2.106602408710451,0.0008667675367288812,0.19615895421896387,16.912316460415333,11.542849434234732,4.859223308721673,1.148955971607013,49.69195233646335,0.29560590944433957,0.5697725430918793,0.8550124110916567,1.7203908636278755,485.8825603343474
1012,1012,191,21.99074074074074,777.9680602120476,14.806252726504047,2.2075379387625054,0.3635788501444843,463.1902576032863,17.031643061695153,1.2208998251879566,0.0010061529442222817,0.11595905481463523,9.865119577034202,7.325664050441395,2.9368704417412914,0.6469847017067661,51.740003225899294,0.17475985436018307,0.3582241489432992,0.5473100860062262,1.0802940893097084,510.92694849653844
1013,1013,192,22.10648148148148,779.0683217896019,21.57204479938729,3.3357699093688087,0.46796699454698687,406.4067733537262,24.782077165477116,1.7474933426682389,0.0008107054457421264,0.1605127856478942,15.105442252396546,9.45223060169823,4.199604734826331,1.006441560067838,48.52119952566049,0.26086292339148803,0.5381907592134266,0.7684354551374151,1.5674891377423297,474.69921509060293
1014,1014,203,23.37962962962963,783.3795155834375,24.29904318464686,3.7148092991125874,0.5590327159675613,425.2908523467575,27.9421225046665,2.048002558060681,0.0009794115269854099,0.21440762126489724,16.331973815221588,11.789069673648001,4.737237005080624,1.1496755557781595,51.40460597973324,0.27091004022405857,0.5706931627797424,0.8514388143720002,1.6930420173758012,503.4382738938861
1015,1015,193,22.22222222222222,780.6455837279594,21.66044444425638,3.7740803833936996,0.5299477241795741,423.12989698625296,25.652375873799496,1.6992736227842502,0.0008746537288021747,0.16155696935146333,15.25111094309473,10.102247988551138,4.346034333366184,1.0282627474504882,50.369253269865744,0.2559731827475271,0.5124755401192082,0.7949514165215409,1.5634001393882762,493.6483958665027
1016,1016,200,23.032407407407405,779.4243248458076,17.68841982713776,2.856158912040922,0.4291021558581313,437.1034776174556,20.7186049194249,1.4203803636976564,0.0010035778723201372,0.1311666125132617,12.321020454517516,7.869963188721324,3.5348412005319414,0.8099387973741377,50.234309812020626,0.2112163122053068,0.4295085789471088,0.6027298653785224,1.243454756530938,493.80651192915883
1017,1017,195,22.453703703703702,778.6771397063279,26.024911835483575,4.209274024830701,0.5920433346236136,395.4175818561315,30.154860588306473,2.1498607037178687,0.0008994471858549506,0.20769955362596845,16.4438476970153,13.194023654683242,5.235477978710403,1.1225157312466545,49.12318936058535,0.30719135447346835,0.6181068717907539,0.9563571721199394,1.8816553983841615,480.19080410693
1018,1018,198,22.800925925925924,776.8950165066909,16.89734605922254,2.675555769690281,0.40248343173828866,417.79787962437706,19.66372552379259,1.3163797100375376,0.0009447809049578787,0.12626830051842672,11.023803059225067,8.408986283749162,3.334732636707152,0.7853544876660327,47.989988923559515,0.2100425254430455,0.38909265983134256,0.6141352111691447,1.2132703964435327,472.6229270048476
1019,1019,193,22.22222222222222,781.3478077788491,26.71355899030353,4.198341060898986,0.5913530785811235,382.9066485471219,30.64100630032833,2.288996024071124,0.0007946823180633491,0.22346021499539317,17.795236777631477,12.353483536547593,5.243170650810094,1.2295953226122815,48.06175079932503,0.330443784510978,0.6186757739600318,0.950771569286914,1.8998911277579238,468.29029953634637
1020,1020,196,22.569444444444443,782.3396568908878,23.323679422476165,3.9035998802850345,0.5705349076811824,393.56982313268156,27.159629438882178,2.0236639044172873,0.0008839845122377857,0.19947312293199648,16.164727630866267,10.578769611665884,4.670242657744753,1.0639841937730161,47.959953307886984,0.2683618568170093,0.5399654332840381,0.8170551367275628,1.6253824268286103,468.6896666838799
1021,1021,197,22.685185185185183,779.9095986814244,25.394168882642763,3.921183260033555,0.556559653533454,414.8168931245245,29.28016477947562,2.0006404304895486,0.0009248608068625171,0.18557890053957216,16.915111091325503,12.102195086601572,5.057092870869139,1.0856825638750918,50.760099766868606,0.27990055334962416,0.6041217470653877,0.9226993099111827,1.8067216103261945,496.2078060237179
1022,1022,192,22.10648148148148,781.3121475109464,15.253369470954757,2.2089817281884487,0.3145305367894656,444.5881870975702,17.404841867973683,1.153243493062024,0.000962528942952316,0.11041024042464508,9.843026834075017,7.350679591468826,2.9782509433980646,0.6744940235234022,49.9833327122025,0.17717827877167228,0.3528275648188954,0.5197883637686038,1.0497942073591715,493.0877457296556
1023,1023,203,23.37962962962963,782.6433846490701,25.7343960482488,4.16107669845235,0.5982408808288444,390.3703171793052,29.86396429502439,2.175084027140094,0.0008756606455705042,0.24350480402835284,18.029885042739508,11.737981020647203,5.112993037946545,1.187873707932407,48.49048431282375,0.28489784553148073,0.56205998213456,0.908030791089731,1.7549886187557717,472.9412959789555
1024,1024,202,23.26388888888889,779.007405826263,18.914296286821063,2.9478663968221888,0.45765735414790953,448.06857493173476,21.932211568572153,1.5620343273320727,0.001021004199449534,0.14676122031302333,12.913717853582362,8.702425619615571,3.7695093768244066,0.8472169500249277,51.74633690712649,0.22259917110132152,0.4283072333161882,0.6561343786781497,1.3070407830956594,508.6566158195031
1025,1025,197,22.685185185185183,778.843635985289,15.415333170930735,2.537926350654636,0.36496300871077836,468.95820120387526,17.967819099256673,1.2738550228346386,0.001026312906021694,0.13386062398317258,10.28620251661381,7.523369868919155,3.116478300892311,0.6711546634895278,52.57841980910815,0.1793687667733365,0.35684392942274534,0.5347976287909193,1.071010324987001,519.0349979514401
1026,1026,191,21.99074074074074,776.3884310705057,24.73173005086145,3.7253110546362103,0.5292300510623535,431.07960041225317,28.464754895407026,1.9026008817980038,0.0009107258215022747,0.18774935274587898,15.940876494788077,12.480131116987913,4.851810419834437,1.119155813123489,52.141626380309305,0.29781810532505876,0.6137118707904674,0.8749157846114923,1.7864457607270186,510.8594305352584
1027,1027,190,21.875,780.118669046813,20.607075489450448,3.177495260372036,0.460707215621475,396.87609081217573,23.890745245714342,1.5643259282766782,0.000836959616679406,0.14595481920532027,13.990872932232968,9.786288134791581,4.0513955748620205,0.9449880393493143,47.2182453473426,0.2591566838458822,0.47497211335663964,0.7008563633085235,1.4349851605110455,462.9408886399466
1028,1028,198,22.800925925925924,781.3079644573723,18.66668757248626,2.843243360108273,0.4132754156894652,431.6885857229,21.46355915009594,1.4514682207050673,0.000927598445335099,0.15356072948842964,12.151307166300636,8.604155778741033,3.6661368389617577,0.8337406040765265,49.95352937239248,0.21188544936752332,0.4309675398726077,0.624191252625252,1.2670442418653831,491.0523852335634
1029,1029,195,22.453703703703702,779.4263949720452,18.31600501050612,2.6726294595859232,0.42553280459357495,405.03760965513953,21.12059603923962,1.3555462899488475,0.0008542893050908967,0.141113182333548,13.095418107697219,7.792522908859029,3.585207985194946,0.8340215032797528,47.184112674686155,0.21322322282537698,0.43428396916395934,0.6540737766376045,1.3015809686269408,462.58322009661293
1030,1030,196,22.569444444444443,778.5426412496315,17.65035311729531,2.7327213211431203,0.4330107517570927,467.67088065010597,20.47682685089823,1.3908771411412109,0.001014578669369711,0.14572062289691531,12.558279825269793,7.923362087996483,3.4683942116645174,0.8319091214362412,53.22268126413303,0.21226360299082578,0.3923868736701681,0.5779390818000423,1.1825895584610362,523.9076600134656
1031,1031,201,23.148148148148145,780.1002643267393,12.21217140400684,1.7875455219029903,0.29633989548356765,442.7961988133658,14.093700216203363,0.9531562805619342,0.0010157157791032077,0.10302916719639663,8.594671308401091,5.301216507687178,2.423423621258077,0.5326937153260721,48.71941392358907,0.13073458196338428,0.27340337290268774,0.3911940610965602,0.7953320159626323,481.29582287473386
1032,1032,196,22.569444444444443,779.3883539579,16.248361423913,2.5249573992039283,0.40497270663197676,461.3742459353446,18.966621121380285,1.2223419992290614,0.0010698599733314964,0.11656133864066988,10.772406880847129,7.745352819934456,3.269683801345442,0.7047938710682701,52.11953868271997,0.1921498472642594,0.3981055616789636,0.5697454225128339,1.160000831456057,513.7389631081211
1033,1033,200,23.032407407407405,780.571009629161,25.378375608702104,4.059170889556664,0.589079506097238,423.11169425801813,29.582206730871142,2.0093834514223903,0.0008674726705103189,0.19863452714489602,16.95386309041993,12.06644459246564,5.021341474921151,1.1732411028207763,51.60836229691261,0.2977813104559063,0.592266374131562,0.8213848381357518,1.71143252272322,504.9018721374138
1034,1034,192,22.10648148148148,780.8640219156732,21.800889464863186,3.417060849145074,0.5006222695235716,437.4722708775502,25.28307578858767,1.7527160154354853,0.0009821963339288605,0.16392886236996454,14.52203039243577,10.967166120076065,4.378388712682346,0.9411207892275001,51.76095942022267,0.2521944537610428,0.5145622366690972,0.7912247764531343,1.557981466883274,508.2362034126784
1035,1035,195,22.453703703703702,783.0899281005823,21.804506745227336,3.572587415210147,0.5547484960921472,427.6684412682784,25.657298912221023,1.6510844558546995,0.000907399938679362,0.16968589117345004,14.933467177398011,10.277257570169377,4.3872254061584846,0.9771732613604005,50.83649680004157,0.25130790863160735,0.5322564223347862,0.8067487937975862,1.5903131247639797,498.3112299464481
1036,1036,199,22.916666666666664,781.58311874585,21.214883301339892,3.180158641219651,0.4845786258163898,448.75926017809377,24.333416886525434,1.7390925348669524,0.001020502782944139,0.161767196081109,14.41319871568828,9.661859292528428,4.175912913081087,0.9384965274954674,52.59454062128034,0.2305353185574106,0.48817717880098105,0.7440657837337807,1.4627782810921723,516.113224880923
1037,1037,190,21.875,783.0413763991439,29.40009605629603,4.782220995514105,0.6634672199397148,415.5082514164824,34.37648983489491,2.1936948700724415,0.0008288377640341248,0.20998040225201584,20.465055841281846,13.60590573295851,5.8899830966020605,1.3022327857689346,52.39740607664268,0.36945636468562015,0.7097260708198814,1.0855310402334137,2.1647134757389153,510.0978647242841
1038,1038,202,23.26388888888889,781.1888763653134,20.498101281971316,3.3653420356940975,0.5004500373041786,405.36781899304856,24.110395723653745,1.6431026813836438,0.0009108867703592487,0.1717332002656438,14.297363296937556,9.362734560138145,4.112511815788605,0.934171723547621,48.09510147884715,0.22447682227538093,0.4584036061555337,0.7165920322022188,1.3994724606331335,471.46674540019916
1039,1039,198,22.800925925925924,782.4511986044782,18.678047062833034,3.2175757995103687,0.484856592072837,429.739329184253,22.135924881641362,1.521145672822539,0.0009215197348493929,0.13986900534671742,13.338132959195768,8.82303674614445,3.774744355540952,0.8689383183163462,49.913940421997886,0.22619273653053854,0.44881466200987447,0.6235384300413489,1.298545828581762,490.68293496679814
1040,1040,193,22.22222222222222,783.1217499183032,17.56068616901766,2.580625943307244,0.3984778123332268,449.3986935119965,20.11588739982247,1.4111378495524782,0.0009184828499651665,0.13788627977774967,11.755449923855576,8.115341900917239,3.4348505372053535,0.7939189287878566,51.322909903388975,0.20499958934746054,0.4022214484080144,0.5994531116213423,1.2066741493768172,505.15509896494456
1041,1041,193,22.22222222222222,780.5125569654866,14.191388831950421,2.364515840695082,0.34633054790009893,432.2414918937936,16.639019515844616,1.1258391385782585,0.0009730070142750722,0.11381260635357343,9.701473229477287,7.007418309351022,2.8623847794426687,0.6365932696945661,48.484681061014356,0.17539008838374323,0.34278375279708234,0.5194471870092284,1.037621028190054,478.5673887688082
1042,1042,203,23.37962962962963,782.2845159385807,26.0074655425242,4.264117074463978,0.6519116579147561,405.96930435569476,30.607705282971736,2.1136838159027067,0.0008596609975414271,0.2019056247512526,18.241433396772035,11.399661766329723,5.242536727818931,1.1860828976459308,50.21807000219062,0.2961134156418834,0.6012817517611304,0.8958575201844616,1.7932526875874755,489.4384870946029
1043,1043,199,22.916666666666664,778.970201039686,21.481716810677923,3.174190520637084,0.4602045699489657,425.9233669496938,24.632820854462103,1.706683420802355,0.000968515941356848,0.15903128114899,14.46607853324904,9.351882117215705,4.25661523894819,0.9130805471042976,50.411691553817384,0.2562578281490468,0.4969507514453734,0.7664501832168401,1.51965876281126,493.580219589392
1044,1044,192,22.10648148148148,782.6196636067441,18.126261891610145,2.8842690064131964,0.4052518406528799,446.48470827025955,21.061011042282647,1.3679244803303003,0.0009722440058248459,0.14104231118681934,12.054241979810604,9.086359907008378,3.6250090246715607,0.7816435188525318,51.29960488192167,0.21933869460907782,0.42900610723496413,0.6603076897032166,1.3086524915472586,505.2731060288211
1045,1045,192,22.10648148148148,776.655624093037,12.695377000699903,2.1278234337764683,0.3115548363279195,471.9095444243174,14.975248934148581,0.9833550916324577,0.0009424233351943854,0.10188570405018348,8.50216846291088,6.642103030222644,2.5700393384723363,0.5676396929766185,51.89605748751968,0.15319967844869617,0.30363166087318305,0.44585445937203366,0.902685798693913,513.7881997086537
1046,1046,191,21.99074074074074,779.493311465674,20.1796768989764,3.110912257319091,0.4331688023265616,433.5770068177379,23.251535265093565,1.5133600316835614,0.0009122854702637429,0.14010237619377472,13.3700958569649,9.828414245421303,3.9606721448605717,0.9037672822648495,50.714661692234955,0.24903661588416304,0.47741535772772825,0.711590127715676,1.4380421013275673,498.33757050867547
1047,1047,196,22.569444444444443,777.1543986814524,24.01662364612951,3.731303269443553,0.5735137036666558,422.87450657741823,27.747909323048987,2.00645545630702,0.0009218075811888424,0.2145166697378894,16.444386682656326,11.414333952234026,4.7125081788406105,1.137857102595056,51.106240623418344,0.27901374443184834,0.558708573849132,0.8797392563489936,1.717461574629974,500.1479112616326
1048,1048,190,21.875,779.6415841320036,18.689787600998105,2.948700931596856,0.4341951963560246,418.4061396657873,21.72442603809369,1.4281523462213577,0.0009014196550063388,0.13492063075217994,12.60008279724826,8.890236184057992,3.725559232363179,0.8251645489715249,48.70423096799318,0.21340705976545768,0.4447852766676562,0.6870029968394457,1.3451953332725597,478.55337912812575
1049,1049,199,22.916666666666664,778.1065270864908,22.02313615548259,3.560335500749503,0.5387051666763117,445.95809611814303,25.75789607184396,1.7589502526475538,0.0009782975085937421,0.17656360849091382,14.967115287110863,10.121847994942804,4.321304248230295,1.0778095862827148,52.70711161061282,0.26027470220949217,0.5378755569094201,0.7469241309939886,1.5450743901129007,516.8406973911111
1050,1050,198,22.800925925925924,777.1952308229097,26.766841231304017,3.792151852776323,0.6286200375613487,375.2211442648775,30.62585408107238,2.0885137686229105,0.0008026733230688249,0.19516759091811806,19.00149710926306,11.520127526127501,5.187971523551187,1.2271887188181563,47.20326852322573,0.3021557899777981,0.6018063909705277,0.8818248834099621,1.785787064358288,459.04017033331087
1051,1051,200,23.032407407407405,783.2991759618556,19.708557599319427,3.104566241347167,0.48024490365024586,403.8947255603921,22.859919539694467,1.6955621269216345,0.0009491213104470226,0.17020454485289604,14.158479238974223,8.305052866617086,3.8600300469063695,0.9533682395778905,47.63435560555293,0.23443830805223784,0.47529349018602374,0.6861136656936153,1.395845463931877,466.4290262545216
1052,1052,195,22.453703703703702,780.2615425848528,16.945991297069916,2.6923426603891225,0.3862868847559736,453.03726932180155,19.839571088633747,1.2431451487364162,0.0009460692214548457,0.12175090440304843,11.536338846960383,8.026689749309053,3.3434692666269226,0.7876589173423514,51.53138261125069,0.20360779746478957,0.3989994098656997,0.6153575362885093,1.2179647436189986,507.6430860519086
1053,1053,191,21.99074074074074,781.2095981165903,10.794351670454663,1.67924624219654,0.2688992905087594,452.77360145951513,12.548493679827434,0.8370446731008149,0.0008992553127323996,0.08349707408915842,7.433966363126619,5.1193960325840955,2.1723632626147165,0.45814604913819684,49.24271136416055,0.12608606457486599,0.26405811605772705,0.3838156357633104,0.7739598163959034,487.50989850573825
1054,1054,198,22.800925925925924,780.4561997092801,23.27293563940707,3.7099624807988976,0.5774218469152823,392.46415320520674,27.068667329567074,1.9034208225022682,0.0008830882207768626,0.18749989556854615,16.38214271760819,10.36477111193032,4.6315531207071094,1.0564870573876117,47.80064585121327,0.2841264036055351,0.5470093552879767,0.8018848127948606,1.6330205716883723,466.8707761699
1055,1055,201,23.148148148148145,782.1780875672911,21.129532639431048,3.34143566936351,0.47054113424148336,376.81265344409564,24.55436809890928,1.6491878964452433,0.0008205799072176384,0.1671702881580159,14.248804590022603,9.7135457847187,4.23573162576488,0.9095865624720414,45.43206295612836,0.2494577532435385,0.48224115686723323,0.7608046036430666,1.4925035137538383,444.4770772372608
1056,1056,192,22.10648148148148,776.6081457587542,18.021495025696932,2.5873703983893765,0.379117618579912,422.0090537830795,20.441290522608703,1.4897632004830796,0.0009015727915451128,0.1403178174885402,12.628038652348215,8.029033726575983,3.50266881226011,0.8046066197526806,48.719695335053345,0.19879698611802266,0.416462190656693,0.6252408903856048,1.2405000671603204,478.6461191648666
1057,1057,195,22.453703703703702,780.8741158602359,21.418902003392283,3.6727858359729697,0.5299363858517067,397.5087282688744,25.296547227289576,1.6945463392265423,0.0008506943038103054,0.16704080012996386,15.007518923130387,9.747783504623218,4.35837495866857,0.9463101847095251,47.701891078854,0.26227732998977343,0.51077366150612,0.7555638819866001,1.5286148734824936,466.870421076525
1058,1058,200,23.032407407407405,780.7178918389511,25.339320679456943,3.8997373135421762,0.5826090552995561,432.9368591504796,29.258658074838582,1.9831412098124315,0.0008907724465725897,0.19294162777865426,17.004589747707115,11.612283905178156,5.04392282569808,1.0946675908997046,52.54678369558786,0.2871987314384664,0.5707858599686221,0.9013344873699284,1.759319078777017,513.7043512842075
1059,1059,199,22.916666666666664,779.4141455206055,16.983595532496125,2.6903470759493855,0.37340553096924567,412.21892534326435,19.727714711617956,1.2944513830429285,0.000854533192783435,0.1345771611373636,11.767192295174505,7.38838589113789,3.330140978402176,0.7981276451464945,47.44647321581369,0.20099027154617477,0.3995590750210984,0.6053673343084061,1.2059166808756792,466.1464424672325
1060,1060,193,22.22222222222222,776.7871859596703,18.35504203508573,2.836588500135625,0.43343507016542376,444.13385231058095,21.210773930673472,1.45836389167191,0.000885695814494859,0.1295280295687166,12.48437213518223,8.65813717511997,3.6398242380523995,0.8159523039615832,51.137135348101175,0.21565994000018274,0.42473228052080547,0.6701210265109002,1.3105132470318885,502.9828964278622
1061,1061,199,22.916666666666664,782.7680637176793,22.572229632901383,3.8081292175032195,0.6194859052497044,407.96804921451127,26.79916598661395,1.809823949783116,0.0009376991027647483,0.183596379865066,16.29950494825282,9.711128415143968,4.606167815417701,1.012312438251374,49.20333618319767,0.2715460815816454,0.5244682335665859,0.8125555175406685,1.6085698326888997,480.6995964870324
1062,1062,197,22.685185185185183,777.7061684991527,15.147352905289202,2.332913109842414,0.38629603744981894,468.07638764460603,17.577400312849928,1.2879418917152483,0.0010166552771003162,0.12083552169831416,10.240119579727114,7.094501711240947,3.032812313223234,0.6798041971487553,52.381770874332894,0.185616038536123,0.34797817553051746,0.5172552070587807,1.0508494211254211,516.7881117214664
1063,1063,192,22.10648148148148,778.1047163119291,21.03786965114228,3.3692158615761545,0.5195305090082913,456.40137814610546,24.523143516027222,1.729100366029088,0.0010613663920825962,0.17983597830400797,14.140103282777549,10.611249273361947,4.221173039376973,0.9393226825807849,53.41622046299609,0.25287725363098684,0.5137207885462433,0.7843109315001925,1.5509089736774224,525.0837893635818
1064,1064,192,22.10648148148148,776.3238060987096,14.682430441501484,2.356655689415575,0.3625587993007395,430.25625361278935,17.25629568433793,1.110632351068905,0.0009334773425019986,0.09802205878524291,10.52711821314383,6.420847718674665,2.962510220322066,0.6428057954357005,48.452887623360716,0.17212430323604677,0.3696920730687269,0.5300115090705666,1.0718278853753402,477.2217737343496
1065,1065,196,22.569444444444443,777.9643066194335,14.81311320287437,2.367580445708454,0.3761761123586393,443.55034605210756,17.28686878399844,1.2078300558448796,0.0009480267482357551,0.12361532690174358,9.925523694440134,6.822522327966116,2.96003569416862,0.6775151501244098,49.81528336879253,0.17557909467089097,0.3628982227261192,0.4960275280614763,1.0345048454584864,491.2210560242599
1066,1066,189,21.75925925925926,778.1345757985155,24.057853956853872,3.529992269947039,0.5340461295501867,417.10177489588517,27.71154839447406,1.7308742704776314,0.0008710190344838772,0.16721986035991154,16.1388457739962,11.131250818559387,4.723275442258301,1.0698435511211133,50.48153962422309,0.29146819822707065,0.5535673977436266,0.8896848451498456,1.7347204411205428,493.4932710496417
1067,1067,189,21.75925925925926,777.3544255511626,19.354460447443802,3.331639505869882,0.47929279811734427,418.7182194505396,22.808416818537786,1.5134668274686804,0.0008452767265496982,0.143204454004704,12.524258361589375,10.049896316884452,3.904247736272557,0.879508462482384,49.05403012491175,0.23558163839578664,0.4483972337227729,0.719069419876746,1.4030482919953056,482.5862463863431
1068,1068,196,22.569444444444443,780.4374284268778,14.230476815621603,2.1501924251373072,0.32201493296897177,428.87068327071296,16.389558666064577,1.094623112884487,0.0008720966635305772,0.11097950765080622,9.539977827186057,6.461777347011889,2.8243815563451546,0.6145598620148959,48.07338006024714,0.1716262606319698,0.3197342567859471,0.491435340926442,0.9827958583443588,474.05291545142063
1069,1069,200,23.032407407407405,781.6685070398993,15.368708420318901,2.4856259072870235,0.3675370842384098,430.4240362833048,17.985313483924923,1.2078319035591054,0.0009546115919161488,0.11593656575610917,10.590774631829406,6.872422298164599,3.010232873424371,0.7505962486345407,48.696964583314575,0.17020706741332542,0.35205547161699224,0.5591344030705333,1.081396942100851,479.6705926223056
1070,1070,199,22.916666666666664,776.9270702792396,13.866143169777384,2.324928871305439,0.35054554083576295,461.9518107206409,16.207407997835038,1.2344944466108991,0.0010299228575593494,0.112753725471084,9.902952347288089,6.012730168238288,2.8042123330851063,0.6198307432673794,51.32858191143117,0.17043979950253912,0.3166713084131522,0.4908993346202411,0.9780104425359324,506.46389808246073
1071,1071,188,21.64351851851852,776.2606113689872,20.153876278432822,3.0347135856294827,0.4342455807095927,410.5474214974284,23.026534560635447,1.6350418185762712,0.0008537574269596653,0.15768870211485236,13.308994426846164,9.62195699113104,4.011750264937174,0.8450862242829705,48.40294229991523,0.23172955780037388,0.47550344831852204,0.7351186093628237,1.4423516154817198,474.9115208767867
1072,1072,194,22.337962962962962,780.3861348243246,15.143948168952178,2.637070415426204,0.3788081239524309,439.87666302439055,17.802504979596907,1.3186280848824723,0.0009235241061483209,0.12013578603579249,10.205886626962014,7.606930398803167,3.1137234178896707,0.6510606438042581,49.63886829039216,0.17954641719802925,0.36901059275776177,0.5787857456925423,1.1273427556483333,489.7777393234881
1073,1073,197,22.685185185185183,781.9786325478206,15.697665651172224,2.450850112585247,0.3635960818933187,453.6216578357984,18.13315274675041,1.3292384137676592,0.00098061597447286,0.11857243860533266,10.82137279775491,7.475336648671347,3.1305328642023467,0.6968806955832691,51.11955033257942,0.17829076048156448,0.36930452629669763,0.5439332710906795,1.0915285578689415,504.1099926628729
1074,1074,193,22.22222222222222,777.8904001317483,21.905212965226504,3.129829936003154,0.5079862301715493,399.24033569947625,25.190141454090046,1.6285621778387762,0.0008506910339980112,0.16386232501217107,13.963649779621655,10.502768986752338,4.273678722907249,0.9946649035717217,47.87994007736747,0.25801639143705873,0.5066525477911027,0.7415176802209997,1.506186619449161,469.044080711533
1075,1075,189,21.75925925925926,780.3558497166231,11.539160277948415,1.7461240959271023,0.26068921972602555,451.0533444762245,13.354656305330213,0.8649016628230565,0.0009536157159778114,0.07984041343314104,7.51063989438933,5.729152572283673,2.2828327444809267,0.5099862162089838,49.32625970427422,0.13058889548582314,0.27990436581996114,0.4203863392003374,0.8308796005061216,488.25252120060804
1076,1076,190,21.875,779.8071878302607,18.003491804532917,2.673248602526827,0.37335762883592294,442.05573369477827,20.64358947517319,1.3417265708073147,0.0009385321474963112,0.12936072449055247,12.321435081357963,8.036752612954787,3.590214157856067,0.7389129021105341,50.76286489813936,0.20213579763548492,0.4342955560304242,0.6599786107027048,1.296409964368614,498.88373667058244
1077,1077,197,22.685185185185183,780.3987125542662,21.195517837571334,3.4570243264812097,0.5001597838552343,385.99968795343193,24.63192308831684,1.7828988827623156,0.0009143237057737319,0.16917204480220857,14.23333273544305,10.06593377086766,4.283875231062361,0.9032929723952934,46.390582458091046,0.24031583191701752,0.4736354021888612,0.7523932372064512,1.46634447131233,454.45674468656455
1078,1078,197,22.685185185185183,783.1830378978783,23.945577346327852,3.570027136326884,0.5614655171877627,447.5331597605326,27.576348931563878,1.9054748178166698,0.000983726892648142,0.18697276133691115,15.821213225170188,11.246216582513236,4.796853873782822,1.005004253468492,53.473992075074335,0.2761997004820938,0.5451170664885667,0.767350618292899,1.5886673852635593,523.9167520930133
1079,1079,188,21.64351851851852,780.1375301205186,17.71322367502365,2.8644791036081214,0.39759566140015223,481.03357921181214,20.49692278571332,1.3875365745836044,0.0009659352829416288,0.13025562704580476,12.403962193306253,8.169616573075976,3.5788204660007916,0.730353015574841,54.60238639206663,0.21575006457663484,0.43936019870322635,0.6131704088638108,1.2682806721436721,537.7716293012647
1080,1080,196,22.569444444444443,781.5902391658709,16.472499831584134,2.5989123476079246,0.4090552719388476,446.1888451935269,19.194149172514482,1.3072032812286154,0.0009111967249464016,0.13217977376913037,11.207214142630267,7.419532996976674,3.296009770424456,0.7333408653859704,50.683833428894935,0.1852995463232713,0.40090507918443397,0.5906083762299094,1.1768130017376146,498.92945270341966
1081,1081,192,22.10648148148148,778.224013797141,16.880776359629575,2.7586000225395306,0.4053778753260438,440.4904792288085,19.69434451937744,1.3293263690070136,0.0008984354300367956,0.13439403635249872,11.577914798614973,8.086399040894861,3.402414294895321,0.7310843375278674,50.272959546311874,0.2062649471949015,0.4091557955395268,0.6037773028560883,1.2191980455905167,495.1332925653792
1082,1082,194,22.337962962962962,780.8265256204654,29.966046815116492,4.495806052717948,0.6676128879762653,405.374252761129,34.551553575189864,2.194198910218768,0.0009151912773387114,0.20337955872676994,19.536134866568737,14.216191925215957,5.903095720691823,1.3014101074954847,51.416972974544244,0.35678867348108523,0.710313092602114,0.9887685028027959,2.055870268885995,500.9303337746418
1083,1083,199,22.916666666666664,779.458699934829,16.474625859653493,2.5780938913371227,0.4162314196276698,478.1804721668245,19.1456961698821,1.3865385551894471,0.001075889413751491,0.13329319080940932,11.616745155682976,7.568938850851199,3.2774727856865935,0.7530436508904907,53.8630720408556,0.19310684529472855,0.3655856930289322,0.5535674666179052,1.1122600049415658,531.0277424351073
1084,1084,189,21.75925925925926,777.9952843669217,20.35314857563797,3.0804608360869916,0.4361320774927174,422.6875464757948,23.416935105663626,1.567522041744533,0.0008915145394572744,0.14701411709546616,13.381302494299346,10.018135987414885,3.998068853066345,0.9111341572419708,49.71079850197975,0.2522174865521359,0.49836652044141133,0.7570704976372221,1.5076545046307692,488.1246442464096
1085,1085,199,22.916666666666664,782.3807941470532,15.571883792419701,2.468755713402815,0.35828495806982447,455.06839297796495,18.04083765784942,1.2559649950192315,0.0009841928681681741,0.12531110026722364,11.313968319240466,6.690667289622915,3.054041309433622,0.7329168226734795,51.22025878320401,0.17286639943276255,0.37083156936455197,0.5753110435009964,1.119009012298311,504.48704982188957
1086,1086,198,22.800925925925924,782.0488829235965,15.918042103839248,2.3676422184355017,0.3349031223334222,420.5182746861436,18.234450592697723,1.2815413502175441,0.0009337398787076998,0.12249997386666577,10.709833002326537,7.375424355080877,3.069310847001566,0.7572816088320847,47.837987633265236,0.18819097013268304,0.3437698339481844,0.5824740396563596,1.114434843737227,471.09473944206417
1087,1087,197,22.685185185185183,778.330999044434,18.839234571827667,2.9569440626359382,0.4103850051994257,437.923508903363,21.747466009298016,1.4704164121193875,0.0009406129025983326,0.14472460809737892,12.880350311826723,8.762734987032832,3.695719394485007,0.8655242532474763,50.66984306761584,0.23266486017939084,0.44175007482326617,0.6356610418587789,1.310075976861436,498.1276747970702
1088,1088,194,22.337962962962962,779.4909412222008,13.773947463286486,2.2446129288588312,0.3353825108272043,443.9706656893374,16.114722240573894,1.1131339682888353,0.0009618160039390738,0.1021716670829859,8.944953044732642,6.848789855622515,2.746918806985763,0.6318967346458655,49.48177561757656,0.16748632583831954,0.32659847877950254,0.5013659853292831,0.9954507899471052,488.8786544714608
1089,1089,191,21.99074074074074,777.8459521394163,22.229261144848728,3.6552747964195333,0.5677398265989491,418.75358677091606,26.206348268197946,1.6708644554076828,0.0009577113306180884,0.156942897392196,14.823925284255898,10.713358516465158,4.465852862112617,1.0112057601463178,50.11977656493472,0.2625911454434516,0.5507883417660195,0.8364179403641513,1.6497974275736222,491.0811904374094
1090,1090,196,22.569444444444443,777.7993422228996,14.414160854968475,2.1427229498155427,0.3402216586781045,449.6083329562033,16.657842309077385,1.100763747551469,0.0009766397839870132,0.11957398914700484,9.734073044988902,6.527970335957517,2.833042639648293,0.6515814840659877,50.22287934561815,0.1720491130972841,0.34158288892347943,0.5045675155146706,1.0181995175354341,495.4153890824325
1091,1091,195,22.453703703703702,777.9518330596683,13.305397206472897,2.158463592631012,0.304951474919711,470.30735523527034,15.412874668195862,1.0957721743700053,0.0009701056134240909,0.11076935069012145,9.345153606558354,6.122509708070091,2.649810888635512,0.5899867138596872,51.91436309224533,0.15320477030959478,0.33339894681673027,0.4627606634064424,0.9493643805327674,513.0082254992614
1092,1092,192,22.10648148148148,783.2149393489357,18.52625520011475,2.9947671140244383,0.46749027867045256,456.771023455596,21.711650329857914,1.510492237900307,0.0009655329989500812,0.1454548357856657,12.533157191095084,8.897505422435811,3.780105638498595,0.7909797089684846,52.53060356292199,0.22651388138317582,0.4383579505281042,0.6375231677366986,1.3023949996479787,516.8990847544994
1093,1093,196,22.569444444444443,778.6400241577263,25.333431011099794,4.096299565281737,0.6387286847823792,403.0771436705551,29.498418912857147,2.1583416159062683,0.000868659695104938,0.19967289079653866,17.980436457014694,11.234720056596226,5.02686814357736,1.1833416048048728,49.6682182541407,0.29730074339765616,0.633195621669244,0.9390522336996864,1.8695485987665865,484.3173834147192
1094,1094,191,21.99074074074074,780.5825094991671,23.013010277328164,3.4304213018018666,0.4948924213519702,430.14817491730645,26.5409329314846,1.6608918762107021,0.0009425925967024043,0.16621561347056782,15.618883937950134,10.726484800635735,4.48094323319381,1.0611224515334887,51.39077011285846,0.2724754652312348,0.5233513331452713,0.8180698945558953,1.6138966929324012,503.3379291098464
1095,1095,199,22.916666666666664,783.2971958962445,19.00208793522304,3.0357036101933192,0.4385791149816529,460.50399767859005,21.983989648954118,1.5700837491524808,0.0009346711966589402,0.1579756904791551,13.09799668134843,8.85616396350939,3.7763028176684257,0.8491314184755868,53.00543152719594,0.20764646044953194,0.4444256995431201,0.6491058087061828,1.301177968698835,521.4761282671227
1096,1096,197,22.685185185185183,778.1565841348367,20.590820301869755,3.1515930850049236,0.46645702107496456,429.7730356832916,23.76596087585897,1.7045796128861208,0.0009466578321804218,0.174064691000934,14.327858777336798,8.786852956784688,4.100410338538765,0.9066768746595707,50.524316632381534,0.244069680262929,0.47335540662124614,0.7396773999856892,1.4571024868698643,494.8785005856723
1097,1097,197,22.685185185185183,778.6850902706569,19.57435630834133,3.179774406426432,0.47487206830214423,456.3028265184344,22.85104761553216,1.6211437464503162,0.0010341998444940476,0.15697849871040465,12.689411967435607,9.863944973213098,3.961919333062772,0.8427899787611135,52.85398311656201,0.21834256039443045,0.46032475445549464,0.7199857823032526,1.3986530971531779,520.2293407442318
1098,1098,197,22.685185185185183,780.811519230594,17.67089149539858,2.835719827523377,0.44775087551553794,441.7173071130429,20.70684079533145,1.3809342309625914,0.0009929601477706572,0.13702872304474117,12.279221837220792,8.179254075753956,3.562654717206699,0.7702796456082543,50.69496316488156,0.21374432905994376,0.4162883649984535,0.6524186429793648,1.2824513370377622,498.69210579657357
1099,1099,196,22.569444444444443,777.2347808198653,27.09823146963198,4.307774275706198,0.6823789544754513,398.94847355434393,31.486215841586024,2.352601112613929,0.0008596583999869217,0.20991970636370583,18.521288947432673,12.759257995512222,5.495045957932999,1.16408014990955,49.88314223771212,0.3140538384742171,0.6378033606558274,0.924947732603217,1.8768049317332616,486.3816436082091
1100,1100,201,23.148148148148145,778.0125099141497,14.454314635796727,2.3085362118441433,0.3605669789781969,487.50500662147306,16.926498160189727,1.1528372062789676,0.0011051292310130102,0.10649074846125138,9.464066334442752,7.010429726112776,2.8758311210754646,0.6675811828773275,54.084717245990554,0.17127493664723484,0.34250611810411113,0.5328032370995084,1.0465842918508543,534.4157820141696
1101,1101,193,22.22222222222222,778.9850444520655,18.15332882248145,2.8039088264547676,0.43370905773504614,411.55860300133196,21.05603852400605,1.4632515919025806,0.0008576408966408815,0.1337220144126847,12.138301992817293,8.773779833264172,3.638099043277837,0.7916323658851905,47.83586373039177,0.21236164538785152,0.4241273787728407,0.6815083662859935,1.3179973904466857,470.124928112095
1102,1102,195,22.453703703703702,781.5080106530609,12.40257617998179,1.9494115229372408,0.3051257943186911,469.72167775891876,14.447063394210444,1.0059424872709437,0.0010096504100655503,0.09623664900083025,8.269949129282049,6.026638880615991,2.499179726653821,0.5364957149463285,51.53597537918186,0.13954057405616938,0.29090029183607646,0.44190623620367825,0.8723471020959241,509.86370486136093
1103,1103,200,23.032407407407405,778.4468894555814,29.93042812719144,4.867243123986878,0.7062644069497036,406.3315323833706,34.93747488385061,2.3432064464219136,0.0008270875321627968,0.21898705998380194,20.061444566147525,14.383120212717488,5.984616770049073,1.339069241859521,51.638112666515774,0.3333764651936841,0.7001866634929718,1.0519841548011533,2.0855472834878093,503.12831702740095
1104,1104,199,22.916666666666664,780.9874997959016,21.30972768370201,3.8471654881819752,0.5597843428421448,456.39402264030366,25.345821410019937,1.7525232671898898,0.0009850021791433078,0.1727636845122668,14.714236610508168,10.518180136405862,4.393520878010894,0.9363959416676305,53.60113719256922,0.2576983810113517,0.492702537069766,0.767312234919251,1.517713153000369,526.7486036280159
1105,1105,202,23.26388888888889,778.8644561867418,20.200770360736282,3.2598334555723936,0.4914490597294908,418.41350988676095,23.699075087560733,1.5757141490421742,0.0009544018119735221,0.17260550659563317,14.245582298898178,8.795986398232134,4.000005649472071,0.9604804272730058,49.28567762056523,0.23470005709857392,0.4751978933215187,0.6954460467630187,1.4053439971831114,482.97572837997
1106,1106,195,22.453703703703702,781.6623349510495,19.575525817573045,3.2187625483315148,0.45685270639741,414.12915913449183,22.832411874451218,1.6167101147846143,0.0009304040869385631,0.15413969495598723,13.678456083808332,8.59986245140492,3.924907637731283,0.8784425365149549,48.632764642058675,0.23256215410191813,0.47717286050618973,0.6810103569250628,1.3907453715331708,476.7784502922569
1107,1107,191,21.99074074074074,783.5919854758689,22.789813019670763,3.980843097254528,0.5549116965945511,416.97353719628376,26.85114583330714,1.8851565916849389,0.0008851971531350047,0.1775369068397335,16.180458490725844,10.688099959663763,4.692966999929762,0.9623557025621292,50.180452537896066,0.28375421232385306,0.5352326603660881,0.8440277146091937,1.6630145872991349,491.2202667882434
1108,1108,196,22.569444444444443,778.2622680067541,22.782943351171326,3.552591694245753,0.5429188720527964,384.59467396549644,26.502845864867467,1.799163810043014,0.000758906103955454,0.1710559434345857,16.08607941540324,10.467132130350024,4.548732844899794,1.012623520686191,46.826159909966144,0.27141011348566046,0.5394074719517782,0.786278816724306,1.5970964021617446,457.5725373055131
1109,1109,202,23.26388888888889,782.9118295445202,21.818391595771878,3.592649465735104,0.5325138264460764,431.8778501108714,25.609331760889322,1.7263563672642637,0.0010441645790525025,0.1702435328395986,15.272720546095925,10.172317054139953,4.309071284404156,1.0484375701503534,51.24462118376587,0.24683144691487083,0.5406580709818909,0.7806564170942534,1.5681459349910152,502.4263526680822
1110,1110,197,22.685185185185183,782.1410198650508,16.98634468491394,2.8921491266312507,0.41167940696386957,417.3034545805129,19.85159330858374,1.4540962075594548,0.0009146050613659343,0.1453695336816254,11.515531271400224,8.231017128468118,3.471386693827447,0.7245140588983449,48.0333720801691,0.20828986102227906,0.41749888044723005,0.6120639885324087,1.2378527300019178,472.71037206510397
1111,1111,195,22.453703703703702,778.1368344813175,12.16262490037361,2.0292182666121845,0.27030936334650807,455.9631990178955,14.26209558545066,0.9180784373045876,0.0009457473722860246,0.0880747654343574,8.231199397612485,5.619922866327267,2.4307523623708276,0.551133119295842,50.08096353622623,0.1455737094138858,0.282037793306684,0.4405571722268731,0.8681686749474429,495.16452310673105
1112,1112,190,21.875,777.6311989823258,23.194369592782376,3.896056761342192,0.5152057747583293,453.94438510143846,27.103904548573563,1.775492753470678,0.0009094228706230114,0.16685841340080415,15.959434931082528,10.968303640641267,4.636292368248451,1.0482007604834136,53.954638470227465,0.27503847450954205,0.5785089613469072,0.8321188431541958,1.6856662790106451,528.9356454170206
1113,1113,197,22.685185185185183,776.5930346224885,23.630809257887826,4.0267716333963275,0.5835305627848478,415.47553985059716,27.717466629937324,1.9557403828839588,0.0009849191229607806,0.18574980397272492,15.97146273063709,10.957990096065906,4.7871580136803145,1.0507098117807234,50.28443171666145,0.2950871408287023,0.5375976180161867,0.7913424543427217,1.6240272131876106,491.99647817529774
1114,1114,203,23.37962962962963,782.5823982813831,19.56479440563491,2.8277915219518213,0.4714171426465931,442.9388758666982,22.439005324634945,1.6290699187790114,0.0009332443285565756,0.17657902781314178,13.14336408011088,8.424830065923055,3.8373619522996254,0.8919940555857855,51.424719002086086,0.22369602844464787,0.4460453826307329,0.6787312160984669,1.3484726271738476,504.55112515346946
1115,1115,195,22.453703703703702,778.9833297955404,16.51600834592199,2.6417864220829625,0.3966624635167934,469.1775016326324,19.16800384321194,1.3666375243190991,0.001053667509100954,0.1329857166799575,10.863749885503662,8.089768545175922,3.3257192677311362,0.7151326434749544,53.008337097467816,0.19107422950852834,0.40529219288340856,0.6101008152028632,1.2064672375948002,522.737727309851
1116,1116,202,23.26388888888889,777.5081131682167,10.735176690935948,1.7896758691368564,0.2738638499663035,443.77996909722197,12.64762497948183,0.8764745284706673,0.0009915558517706621,0.09360531613871473,7.106108339076934,5.1724687680142685,2.125762479118295,0.5263270633473924,48.349883934526346,0.12595565544557077,0.24767278993167982,0.37267401900111297,0.7463024643783636,478.7682426620624
1117,1117,200,23.032407407407405,782.4391420719671,14.544816238864286,2.2664856677274177,0.3179083341864676,443.75402973783395,16.826884970991223,1.1726688564041499,0.0009676290043537529,0.12142044652471683,9.961967558231716,6.314172230674129,2.92942482270307,0.6082789599864936,49.699188384831935,0.17133288229803187,0.34402442349300777,0.4894911926106196,1.0048484984016592,489.86190639330187
1118,1118,195,22.453703703703702,779.2044449465221,18.5275658618771,3.1617949349142673,0.4484933244160517,415.9665738547484,21.845511220028662,1.4742350695616346,0.0009235816806030053,0.1567817894419031,12.607500482308986,9.295703990484828,3.739665425910057,0.8422946083687326,48.47223282629404,0.21752171255974959,0.43975231763437655,0.6786617890564864,1.3359358192506126,476.79547948068273
1119,1119,198,22.800925925925924,783.3301628917211,22.83086598794221,3.4969511521406282,0.5365463820966985,412.4367021829226,26.35469005734573,1.8769517585881168,0.0008316016172651045,0.18552336889847626,15.336113054603192,10.75018128823139,4.488522294897061,1.0557454970481448,49.61407475479907,0.24726271146953288,0.5516499009666209,0.8466938898892198,1.6456065023253736,485.65911807405365
1120,1120,203,23.37962962962963,782.276197028657,21.621466916475498,3.794565625916288,0.5520109815141989,412.5671916269391,25.575045829499775,1.8437052473799955,0.0009624523862275935,0.19896002374434302,14.93850460553844,10.303888795816697,4.40098112206217,0.9807038165801267,49.30741693590138,0.2620687320704102,0.5019731101157395,0.7719161666551257,1.5359580088412754,483.37544044715565
1121,1121,200,23.032407407407405,778.820801278645,11.912704123976123,2.0350376341817222,0.2838446933030619,434.0444282585965,14.015520528200028,0.9746776410266604,0.0009348294083616159,0.09862425920450006,8.453851035696859,5.279034479287216,2.4204607247490486,0.525024330600063,47.80820288568057,0.1391762288546566,0.2700783485991457,0.3998502470134601,0.8091048244672625,472.3993963270005
1122,1122,204,23.49537037037037,780.6311471127351,13.474157889650881,2.1210381356348185,0.3347409188124038,442.71000798988183,15.75172206657246,1.0330768836150104,0.00101510783274411,0.10096213220769652,9.13007095150233,6.052078602157037,2.6402092742557692,0.6478252792684005,49.211817042345196,0.14984496158077876,0.3275945094421575,0.4479117437278399,0.9253512147507761,485.79218549463985
1123,1123,204,23.49537037037037,779.9320916412271,19.550122655956073,2.864567104464497,0.4782587960120239,440.59270489347915,22.611267585212598,1.5272123943051985,0.0009772108934353121,0.1547135689623915,12.893446130095079,8.786326235586072,3.8544627427807963,0.8759489612664557,51.19225201221456,0.2253794438940269,0.4325868515715868,0.6982687143034367,1.3562350097690503,502.65279715868775
1124,1124,198,22.800925925925924,781.8253079530916,14.618467364818994,2.1905422821557283,0.34526309432069235,445.2966066766453,16.94091579509256,1.1296802679785136,0.0009821105674557155,0.10764448322911312,9.923055244844532,6.855119718017711,2.9340540493652205,0.6222711094313667,49.880000920854734,0.15960735862090009,0.333257718398189,0.5137057045315546,1.0065707815506437,492.0481177331734
1125,1125,193,22.22222222222222,780.8168747494781,13.167481862124678,2.0509584272850616,0.31247163447776877,467.3615417206601,15.252602563973818,1.068127969461568,0.0009876107385804634,0.101339427775831,8.794847354037097,6.367767789932662,2.6077035930470727,0.6024498284108923,51.57301239768711,0.14515998782940115,0.3014620816830737,0.49264040912590157,0.9392624786383764,509.83269490652646
1126,1126,199,22.916666666666664,782.5362144014116,16.26181086817438,2.496004138763842,0.39377800849771016,424.68771035896424,18.68609578003272,1.4196854465838031,0.0009641078794549509,0.139780384745244,11.21594118407394,7.481286594990449,3.182509132254478,0.7712591293024114,48.416485048996435,0.19770658995324164,0.3801075638840042,0.5366242241193495,1.1144383779565954,476.6353223281452
1127,1127,188,21.64351851851852,780.8763312729503,23.924205594465636,3.766600390517639,0.5798141899572394,402.3030329376709,27.92281364042963,1.7640888413926636,0.000794081776997614,0.17304118107688551,15.686670448989958,11.9129751281441,4.710641017625713,1.124835082672781,49.033544114493516,0.2891569335126527,0.5618236789203678,0.8924865420559627,1.7434671544889833,479.92630924021915
1128,1128,193,22.22222222222222,778.5455407536837,22.7698683737212,3.511374874130066,0.5466983972283361,434.6724966291946,26.30337251021905,1.8141042791534503,0.0008980375578378974,0.18198544920614845,15.193776692327472,10.411160868773985,4.521315181677886,1.0108819958615751,51.81422679340082,0.27319952104004774,0.5408697593226274,0.8156068274245317,1.6296761077872068,507.3738327045113
1129,1129,200,23.032407407407405,778.2031532270582,12.43773331023744,1.9698189021001864,0.2832123310106482,465.7322349186399,14.42513373106493,0.9850315335520101,0.0009735271642123678,0.09923881924417802,8.083825983590208,5.836826753728534,2.482810648173778,0.5424526947120353,51.12430251844755,0.14674484406872193,0.284527187920577,0.42340176399253354,0.8546737959818325,505.6501409656097
1130,1130,191,21.99074074074074,782.386988114494,29.964316999813178,4.41230432385495,0.711377835104599,394.8209003820399,34.5372467883303,2.2380786609145,0.0008257311096511443,0.1987090950476825,19.70079474436576,14.449236374121046,5.859620354556219,1.3534271667522992,50.39633754472994,0.3400738721495224,0.7033854900429177,1.0922021082200342,2.135661470412474,490.68170518205676
1131,1131,194,22.337962962962962,778.9454927514533,24.587596976877226,3.9287382638789867,0.5317402346738991,391.90804796902734,28.561762760280843,1.8427834155015808,0.0008640554110590479,0.1827005711898287,16.606951528347246,11.724705210162163,4.86315698943941,1.117630169712784,48.210456155186755,0.2911375556688529,0.5824741219162556,0.8842807510333668,1.7578924286184754,471.0076190447736
1132,1132,206,23.72685185185185,781.094932680942,15.800818981887428,2.40049727118843,0.4058271169800859,441.7331452921847,18.25523375535215,1.4396641602030342,0.0009832236156578304,0.14252498754751322,10.461895237463326,7.337948441059073,3.1665711965435106,0.7050186011770718,49.9685266816394,0.18004300328690892,0.33371396698055716,0.527274716131346,1.041031686398812,492.4292647141375
1133,1133,201,23.148148148148145,778.0759227099973,11.53045682230141,1.938832224176622,0.30826037225978314,432.09239830652984,13.538517570847358,1.048894780081823,0.0009933250074337558,0.10210028557488907,7.999346200302309,5.735235420040196,2.326304891700241,0.5428121504811798,47.49061236726791,0.12967564094606182,0.2677477780358391,0.388060860422199,0.7854842794040999,469.95029042840474
1134,1134,197,22.685185185185183,777.8348192925101,22.26715229719513,3.4401217875000767,0.5161383994399724,394.65790377465754,25.72104548637467,1.8649636624174415,0.000904252102640655,0.18249313113765847,14.932149020061203,10.326080463744216,4.356728645152513,1.0629225664471944,47.62762322068837,0.2601361630935949,0.5097255230660922,0.7921577135475775,1.5620193997072644,465.95847386587633
1135,1135,196,22.569444444444443,778.4518095626917,22.36416869486993,3.5888542307377196,0.5065142162154986,396.61848144797676,25.80392462900967,1.9106790032794128,0.0008768154542535445,0.20598506318342208,15.641042893324421,10.008656650043827,4.452880545434163,1.0064061432358489,47.884968620858544,0.28025372056246206,0.5122822255137124,0.8056971384809525,1.598233084557127,468.0656605239977
1136,1136,195,22.453703703703702,777.7136763488445,18.05103076502152,2.9083452575842497,0.39060256226667167,395.43504832267956,20.938620161776,1.4112757400017442,0.0009100538938038632,0.13760179589288277,12.584087601991323,8.26047568764802,3.614403352279687,0.7777416244566863,46.157307890621745,0.21550766208550914,0.42315326706717493,0.6236269651360087,1.2622878942886928,453.1883432177894
1137,1137,192,22.10648148148148,780.7265938652494,16.601566520038773,2.529678637999722,0.37037944794490285,437.87263225592096,19.11640821280412,1.3506220726334144,0.000899690032460788,0.123036566294221,11.204400707291114,8.07691829664937,3.3281093127875194,0.6980589123389416,49.85322355074958,0.19226830026154437,0.3954771623423971,0.5626649859631703,1.1504104485671118,491.2187203740115
1138,1138,190,21.875,778.9332559794415,25.778154013353536,3.643119334194186,0.5289356307880672,404.0508912354661,29.41467913457994,1.8549818673613216,0.0009184147723496791,0.17336435132328046,17.32056236871752,12.328219947129755,5.084925024266136,1.0652259912906996,49.7293661010559,0.2949231843973009,0.6137921571320352,0.8982863573103563,1.8070016988396924,485.7304166433651
1139,1139,194,22.337962962962962,781.9833845049284,19.187060564437836,3.087595382013257,0.45020803563853984,382.19717795358,22.42265852881515,1.4455614780784432,0.000756555650258012,0.1328790750565084,12.855320011847985,9.304445599248504,3.880130556554524,0.8067446426685922,45.26860968047819,0.22115481187069447,0.4405688209176337,0.681641911009553,1.3433655437978813,444.2585839155395
1140,1140,190,21.875,782.7028494120402,14.747864062742424,2.1740796023774513,0.3185563191614594,455.3174424326231,16.98025042793402,1.1094601585358472,0.000915492162934841,0.09980963575738717,10.161287422669067,6.718037095540553,2.9234203183997525,0.6326546197964223,50.91197134184301,0.17085072036361057,0.3562145948451379,0.5316187881557439,1.0586841033644925,502.0811742683959
1141,1141,197,22.685185185185183,781.2084654301215,12.232771471062032,1.936544281026457,0.2777811453849211,450.21988812008414,14.18775760006642,0.9696590622855598,0.0010038720703182701,0.09858464012252385,8.25296908118955,5.8811986170287245,2.4041082989194766,0.5732383001390595,49.506579459747435,0.1449272860165322,0.28136076505620333,0.43421771127358344,0.860505762346319,489.6430411705359
1142,1142,190,21.875,778.3268528653592,23.76974763522255,3.55915471739823,0.5072658618578556,432.38753786755603,27.094853641718842,1.9057992159274189,0.0009104216704018336,0.17355482779709425,16.20390638040634,10.8974387437796,4.638264920605195,1.0583389839186437,51.860379020313374,0.28823256082238186,0.5750820081060267,0.7974325992887598,1.6607471682171684,507.65361400566906
1143,1143,192,22.10648148148148,777.9002248234742,19.64556542674592,2.868219035427277,0.4223367626891413,463.6808453926927,22.395837668320823,1.5638310960809036,0.000981101860847471,0.14336355681908322,12.634230513552406,9.217974933180567,3.8125852188312552,0.8969742804283088,53.498610089652104,0.2412015858543292,0.4484299847784141,0.6934275458783968,1.38305911651114,526.031573589588
1144,1144,193,22.22222222222222,776.2757759076103,13.711169864744216,2.0471442708013488,0.31425992107714373,454.4840691327653,15.757690808953228,1.1291761634364992,0.0009603575403056284,0.10605491714818976,9.251292625653491,6.423983909014276,2.7170995202324106,0.6051574297441714,50.4515749747767,0.1589459242109023,0.3184736821493879,0.4613504695462679,0.9387700759065581,498.23553637136365
1145,1145,196,22.569444444444443,780.1552988404984,24.196245853070273,3.589636187572675,0.507094000235339,406.19234351410284,27.634040693222257,1.9190615348714708,0.000851434184696263,0.1957062197069129,15.20716281318886,11.768844105755745,4.678870554479858,1.1197357573713405,49.415298645629385,0.29063452425911634,0.566746685969846,0.8936290838949187,1.7510102941238812,483.5534401486973
1146,1146,202,23.26388888888889,781.6674736837376,22.624775218375476,3.6609021900254457,0.5425727046301573,417.3325809124965,26.27208712125723,1.9372148846334327,0.0009324532586508892,0.20055239114381854,15.715802725179664,10.342637762845905,4.418337977301931,1.1117005807368197,50.05633179344806,0.26014502963876474,0.5259157211986644,0.8216896198356151,1.607750370673044,490.0520445673784
1147,1147,194,22.337962962962962,783.5450789904114,18.39600264123064,2.779401349503666,0.4281162728810052,390.13138268882557,21.23095348123179,1.4097175065681429,0.0008470556851949567,0.12807945456964645,12.204002958998199,8.716367488989722,3.621595755588616,0.825379169860272,45.729285726224795,0.20851786535804484,0.45314590675877825,0.6400703726416344,1.3017341447584574,448.9695770096927
1148,1148,195,22.453703703703702,783.1760849460612,21.15371681972318,3.1559961467706317,0.5046624599511205,414.23234000467886,24.473802895424477,1.6309614343961276,0.000871302187490166,0.1549593579826553,13.834526330462245,10.662369152585347,4.215594618309455,0.9160265506920079,49.16671407717707,0.24924274482247372,0.5247012257261716,0.730562774104074,1.5045067446527192,482.60580748735407
1149,1149,194,22.337962962962962,777.4855363239121,28.828898650386666,4.859223145269809,0.7530953164714153,391.659173169291,34.02769941927791,2.2880792170331037,0.0008144731645175595,0.21024319120756288,19.05690051817999,14.901862845178417,5.930303093541542,1.2114493607969357,49.866837416205826,0.35852287565958213,0.711112707220441,0.979691022876268,2.049326605756291,486.7201684873752
1150,1150,198,22.800925925925924,779.0411915894985,22.96625172471833,3.4154288972270694,0.526667917107258,405.34705382350336,26.247981225181952,1.9944855697863195,0.0008322718550033528,0.20325409578012396,15.005107471571101,10.449545463631967,4.453517598304749,1.088772500469917,48.88436804829721,0.2725408169269902,0.49354143528636496,0.7816371256665406,1.5477193778798959,478.24151046544597
1151,1151,190,21.875,780.5181000216347,13.738102296564868,2.1954863376623677,0.35015662358353344,440.2626454183858,16.107009885899398,1.0393590775663966,0.0009166694329265159,0.09788709203102754,9.344843274064864,6.6699851593293475,2.7273218856369064,0.6399425181836239,49.10063585139473,0.15990843737429464,0.32833839752751137,0.5217430926107001,1.009989927512506,484.83880289178865
1152,1152,195,22.453703703703702,779.6108077663943,17.052315143755656,2.7049587137709206,0.4191828011199747,482.480055007796,19.949997667570198,1.3074162520227468,0.0010734286033252734,0.1257788276571959,11.801925080471676,8.306911997545177,3.3549152003627234,0.8119741979151118,54.51539241362983,0.1996865539237614,0.39485431582757574,0.6032348884208726,1.1977757581722097,537.7123549962914
1153,1153,195,22.453703703703702,777.3929172373048,20.990550099169546,3.3849735412737583,0.4831407896752608,407.8029956255584,24.275145993219766,1.7384816039500568,0.0008451420260840754,0.16749738137510878,14.393384468993402,9.629522876470409,4.13525140026269,0.9784961538867317,48.48217937636393,0.25746128278194025,0.48231789578619316,0.7422730933764555,1.482052271944589,475.0689528788124
1154,1154,200,23.032407407407405,782.2047870193644,10.386324175925173,1.666255414706706,0.24592097329610452,425.8780035276394,12.0880644757536,0.8181404195484656,0.00096454061149267,0.08570546990118563,7.114880726147719,4.624380094454391,2.057811524221119,0.4794727613248314,46.40606943220001,0.12524066285895685,0.22903356069978978,0.38012691673701293,0.7344011402957595,459.06544451767826
1155,1155,204,23.49537037037037,777.9316454947306,17.51320459147445,2.9614472780194014,0.4584709656819122,447.8223610734942,20.688254198273295,1.4929971393621555,0.001031262793238838,0.14869830628433775,12.07331253045689,8.204933132204925,3.4992362181445076,0.8420943413308326,51.27569353161214,0.21277493258470692,0.3966097787874658,0.6051801542033685,1.2145648655755412,504.84729337263883
1156,1156,199,22.916666666666664,777.2732274928295,27.7585486513466,4.725847903316333,0.6734901903370841,412.9843810661005,32.797699250124005,2.1768002892363283,0.0009109839971474653,0.21633452562888777,18.553532555524747,13.132770945253615,5.598291415872444,1.2737232364445266,51.58492779882921,0.3279203780309114,0.6737151976108953,0.9335770751688837,1.9352126508106904,503.27401110846824
1157,1157,194,22.337962962962962,779.6848276410758,17.096957979181706,2.687035299288036,0.3808591448444023,431.9460084619426,19.803151958176148,1.3475127933021922,0.0008617172723965767,0.13235224724842048,11.240519771855375,8.37910848296406,3.4147409629557934,0.7410342710903818,49.45634996762288,0.207115528099379,0.40170560506055625,0.5920215621863368,1.200842695346272,487.1304660136125
1158,1158,194,22.337962962962962,777.697933892185,20.78893275734949,3.488977924852761,0.5398739640891512,420.89383937130697,24.305841812205212,1.8165644754007648,0.0009180603038360681,0.18784542007302937,13.865653127286638,10.278405737630758,4.183434911903473,0.9587829509744237,49.79626522238255,0.24479809424026525,0.48671785880156004,0.7405147943491058,1.472030747390931,488.9154481334807
1159,1159,189,21.75925925925926,778.9951924345786,24.09025133117484,3.719694323388038,0.5571359164883717,415.47707492342244,27.800456368373208,1.8506379221338207,0.00088381719104009,0.17885781526487557,17.058009323276778,10.643300906702569,4.808211554049548,1.0253769001771365,50.36220710281603,0.29689988727292294,0.568490154590746,0.8675979070139651,1.732987948877634,491.8848697272435
1160,1160,197,22.685185185185183,778.8081423934672,15.97947116814067,2.52376788924151,0.3576085319977469,433.26042241899876,18.45240328917017,1.347545479179883,0.0009370056737302577,0.13565761982925134,11.199578757570682,7.341672927927889,3.1899899393726887,0.7066921886169661,49.18766325093484,0.1877692069963129,0.35802101297526234,0.5663060352745888,1.112096255246164,484.40826471339545
1161,1161,204,23.49537037037037,781.8867252101244,29.61761373728231,4.637512653589419,0.7298733885928849,431.3946690458373,34.37244968640303,2.6230147767913405,0.0009884907604516104,0.2678876231143162,20.427736428215795,13.681245097734717,5.935782534599321,1.3400304690331293,54.058030652447556,0.3571249386757804,0.6616832004482837,1.0447960139157724,2.0636041530398366,526.6646716567778
1162,1162,191,21.99074074074074,780.6882486256449,20.4391541803463,3.0767982461609975,0.4868313340945884,410.04188629679487,23.765082937659184,1.4637335140689836,0.0008440540830596958,0.148495953341623,14.17998605261756,9.227509443332119,4.088798903832832,0.8735956939945498,48.49152507871802,0.24985923048798578,0.47615490794079857,0.7316417196818721,1.4576558581106565,475.0703864158197
1163,1163,190,21.875,778.7828919052433,19.74816603106076,2.898067073317012,0.4371759841164338,414.77644772900527,22.688117298310573,1.5039018312600148,0.0008578347115025362,0.15125526553051302,13.574285892535553,9.158864928763753,3.8489097550871554,0.9049397197910864,48.68041904885434,0.23406371562412728,0.4882047510432317,0.7144230423310742,1.4366915089984333,477.5533949599524
1164,1164,189,21.75925925925926,777.9451675425446,19.4507296740799,3.2924229669347516,0.4512429571518996,453.9248962105325,22.72662970145855,1.5639125362434376,0.0009138039657135142,0.1390568014458604,13.567345945710157,9.202938231269627,3.912620695723796,0.8607377760927886,52.57489751668868,0.22444521909211682,0.486151188425261,0.6953928543336907,1.4059892618510685,516.93209061675
1165,1165,202,23.26388888888889,779.7433810630857,24.545347357794384,3.8772444179672156,0.5809993381029116,411.994993729275,28.389968119292046,2.137732977274838,0.0009590861359547491,0.20813321014034392,16.97896910026439,11.120988412280324,4.9147321306897975,1.086420711067518,50.21012396525969,0.29379851295781156,0.5611567143927196,0.8266720902113741,1.6816273175619054,490.5391468075822
1166,1166,194,22.337962962962962,783.2399815574017,20.889436374056285,3.5657051272366926,0.5186015975735359,457.08940560521313,24.659343072831202,1.7502130643760883,0.001016736745412569,0.1703896428851289,14.066373114323241,10.444926418051786,4.216098233620073,0.9745383130688825,53.46580825018716,0.23979336487373545,0.48082223308720046,0.7257101764974241,1.44632577445836,525.7259999601166
1167,1167,198,22.800925925925924,777.854331410724,19.807146911672508,3.1093778234471934,0.4828064493386436,412.4102037129206,23.055081493231437,1.5867372768497574,0.0009012673589798031,0.16346865868851423,14.008299856495432,8.670646101404989,3.9274461080708782,0.9116597912578446,48.52503683954707,0.2407524105805981,0.4755566775905776,0.6903450868562189,1.4066541750273946,475.5321297692687
1168,1168,190,21.875,782.6664151534205,21.17586388476927,3.192759719583898,0.46672031549755555,395.52655392369337,24.297092368772244,1.672895095991711,0.0008129298775122307,0.15754664956805628,14.139843320927167,10.541738747493925,4.185629103642923,0.9274189805465904,47.2782070156109,0.24088784783382675,0.5105434971491011,0.7483175961537955,1.4997489411367233,463.6447806605738
1169,1169,196,22.569444444444443,777.8732578833551,20.664613864424556,3.3823154813583995,0.5167645737695236,428.2960965457006,24.225007716393712,1.656736700239037,0.000948926491389227,0.15947104658777744,13.493402368662508,10.426337544505163,4.095185036617672,0.9829223035536193,50.46115991240561,0.23880208398041278,0.504425854902548,0.7324736708800763,1.475701609763037,495.8821013494045
1170,1170,195,22.453703703703702,781.2954324606471,21.343534181989597,3.6091585472296237,0.5086468629026866,405.99331798063207,24.965175572314696,1.8518559251507616,0.0009204706367893027,0.19119098861859074,14.131930215614647,10.8006495671439,4.261010161049415,1.0074179777998005,48.51137629749763,0.2669246791428674,0.507884920166347,0.7684114382248507,1.5432210375340651,476.076099273002
1171,1171,194,22.337962962962962,778.2261014646841,19.124996817066368,3.242381225012214,0.4774026399029205,425.00001971661425,22.386992036733524,1.5964646525993131,0.0009499821360399603,0.16288572335466767,13.444027392173062,9.11400243428983,3.8428896105779913,0.8668283612667156,49.57205273144094,0.22080969537696643,0.4620959516919438,0.6802249778649627,1.363130624933873,487.17894382448765
1172,1172,195,22.453703703703702,781.0629796614325,21.303760981170758,3.3120390964965196,0.5293731878194613,413.7014289983694,24.853633480016207,1.6744526950866596,0.00090285835180938,0.1672238614528964,14.127434158599483,10.613763515913018,4.287136986548774,0.927552852333802,49.22888203636834,0.24356834394260163,0.5275061587235463,0.7855109504603651,1.556585453126513,482.92785396668586
1173,1173,204,23.49537037037037,783.1559710676627,12.737249317457303,1.9552070579037888,0.28979771589634074,455.8975844790373,14.637202006739221,1.0759782947648293,0.0009841498874597577,0.10327599807270525,8.689411350400047,5.799595995640076,2.475759650273896,0.6054716717834517,50.22897896883535,0.13809995598711575,0.2849949398429024,0.4383119742564458,0.8614068700864639,496.43951320754286
1174,1174,191,21.99074074074074,778.1008622647095,13.33212394024568,2.0114611294834477,0.3068223107266814,481.1427637238211,15.290893431154474,1.098704701753977,0.001034862260607008,0.1030455767457991,9.299836779064231,5.9321207963560605,2.6386529924844395,0.5819530827437867,52.988936307900616,0.15542947190493095,0.3131753820531119,0.5036420135138125,0.9722468674718554,523.4118234152479
1175,1175,191,21.99074074074074,780.2094912668922,14.105793526554198,2.056301692348607,0.3163041798870473,439.0124101106697,16.05378263764578,1.1805336527683796,0.0009467581756125103,0.10658908426922728,8.94487145372231,7.203725863558923,2.7780555235786655,0.6050666079100228,49.02104053182612,0.17445085170812297,0.3329711406087612,0.48075387621353954,0.9881758685304236,484.40768550589655
1176,1176,193,22.22222222222222,777.4879354109742,19.57982880994877,2.8316802848649085,0.40842940903636765,441.2411876667116,22.38527638489043,1.5215401243968438,0.0009783118443763717,0.14090117070691896,12.819599420992388,9.500013953639673,3.848265058260385,0.8506932272644786,51.220353032039746,0.22052836814183413,0.4364857635528992,0.6741770769381096,1.331191208632843,503.63998561019764
1177,1177,198,22.800925925925924,776.7837770163937,18.031610077244494,2.9598188347038583,0.41397033362776525,450.08671889045456,21.032613292105186,1.4515027453681228,0.000916113015722046,0.1346288860330334,11.993500195993605,9.083398501222582,3.6183331446808604,0.8018311349311984,51.6551714852266,0.21989783698517643,0.41597256263111404,0.6464759908220001,1.2823463904382906,508.8976883438257
1178,1178,195,22.453703703703702,781.39532607728,20.943569743314345,3.157260577714784,0.44421703909373084,447.532429251319,23.94736319700415,1.6781704838279983,0.0009473426808220112,0.15881507739833237,14.016237013027649,9.520385533256919,4.1005797756343565,0.9359604812473655,52.35064044899821,0.24749086628114572,0.4739648717556856,0.692181512427272,1.4136372504641033,513.8333357529559
1179,1179,203,23.37962962962963,780.642372214712,17.910198258030302,2.929848792060436,0.4176873659936146,449.3764980080164,20.865643126698895,1.4752021654636616,0.0010672091394746262,0.15198264973018566,12.648830943371777,7.982484569857105,3.5563953127866395,0.8326848617099744,51.51777240203803,0.21883564434052696,0.41121151502498027,0.5821425404427825,1.2121896998082897,506.71188201929505
1180,1180,197,22.685185185185183,780.6625836940486,16.367122918857465,2.4923123720094553,0.3698767924898088,444.8550389784454,18.721148790466312,1.428027189500823,0.0009609709715853971,0.1419438698359769,11.11952425158055,7.338067321467033,3.2236984956301793,0.741219447616975,50.46934383138127,0.19347205289336689,0.38851917401009906,0.5762199803808756,1.1582112072843416,496.83762835457526
1181,1181,195,22.453703703703702,783.3736452423302,24.841000435667816,3.9925753643069166,0.5580328120045965,389.6240519794786,28.79725705463039,2.110362291540461,0.0008388980852281796,0.19855600164104237,16.735054511199394,11.350741468139583,4.944975603817788,1.1306954928351673,48.10545026599255,0.2995335168995752,0.5734097534093618,0.8945534806757423,1.7674967509846793,469.3165841531324
1182,1182,194,22.337962962962962,777.6904358751498,20.539062557609515,3.19361388646963,0.4877333005396866,393.4302152720123,23.90969667750824,1.548788382771961,0.0008185565220965312,0.1481296429171834,14.274779756591094,9.614135445521583,4.114966599495192,0.8848459135396081,46.873140039696054,0.24177371230913933,0.4716070113332482,0.730254863324499,1.4436355869668867,459.3156418218739
1183,1183,195,22.453703703703702,782.3139662656884,19.978840724254074,3.0684932451098645,0.4709171786679333,432.49219115872825,23.083161324247655,1.5704307154915738,0.0009662959228907528,0.16224417430638208,13.56407748038532,9.176927017520738,3.929969506051603,0.9181273975196668,50.55808596734963,0.2252720220594964,0.4497675932074747,0.7276448558849435,1.4026844711519146,496.25495320897244
1184,1184,196,22.569444444444443,782.8707948113239,22.94573722616191,3.848021372417001,0.5916943045234847,409.8591216475794,26.91904128019748,1.9482261219490578,0.0008676453698498709,0.18644978214498542,15.567353622060974,11.037780631624713,4.652214809050785,1.0177895569178812,49.48661755007628,0.2884466287532311,0.5245246087684468,0.8116569343979555,1.6246281719196334,484.6315725498561
1185,1185,193,22.22222222222222,777.7715883624404,20.17091080568393,3.3923577797061357,0.5059959695120599,398.27944547714645,23.712911046187475,1.6846106706407888,0.0007836011764232469,0.1494924420501047,13.89347702826006,9.892908309275537,4.070879764670265,0.9125919553818777,47.3118128820774,0.2423033986332293,0.4760178000173574,0.7462410248106645,1.4645622234612512,464.2374500448923
1186,1186,193,22.22222222222222,782.9226686104673,27.181117672154055,4.083961695982327,0.6790369266282368,397.0225896298241,31.44285437930892,2.117452601567552,0.0008663041854146151,0.20661116630450035,17.717716526860062,13.568150178921904,5.365673739557283,1.2213913975323498,49.6478129126982,0.30038849666522693,0.6520932878425152,0.9880547167369569,1.940536501244699,484.8302421932113
1187,1187,193,22.22222222222222,776.5596937299933,23.61192464896268,3.6278141989090913,0.5878935685459531,409.36218881252205,27.361621576221978,1.8975734753599978,0.0008170446959936974,0.1886291047649738,16.030533100794607,11.14624708147434,4.671342809871822,1.083207984007946,49.5933156029974,0.2699776536892275,0.5511086756991534,0.8193787099120525,1.6404650393004334,485.17972534463723
1188,1188,193,22.22222222222222,783.0420248148798,14.807614705765094,2.2471578192958113,0.3298204335314954,464.26258063703983,17.082633734416987,1.1605206176193856,0.0010033899328255429,0.11674557122099867,9.586464998714812,7.575131129153951,2.922665157119426,0.6592194860728794,51.837280833356665,0.1773587037518444,0.353388351707666,0.5249397805522042,1.0556868360117146,512.2207795171803
1189,1189,196,22.569444444444443,781.4249306300678,20.09332984583164,3.3626311173671866,0.5276993942093278,431.2024628537536,23.714134212246275,1.584305399677344,0.0009659862343846209,0.15147218021954958,14.335302058869265,9.333367709212308,3.998198946735147,0.9614911511320374,50.55119624235689,0.24387246662837087,0.4751198392291122,0.6807861018127289,1.399778407670212,496.32983720428916
1190,1190,202,23.26388888888889,782.4446653760085,10.808394671747575,1.8048388815497058,0.27954901759215667,444.5335103907021,12.688794179140881,0.9232605924002475,0.0010460261261421193,0.09340138232104346,7.228843833691141,5.0005610059812176,2.117605400632788,0.5490535189109452,48.44384834648535,0.12413744280010444,0.24921824671838289,0.36300467622893806,0.7363603657474254,479.53637543285214
1191,1191,199,22.916666666666664,783.4158841060004,18.04930181061761,2.6849864912875625,0.399653150386811,416.4818785099549,20.695035643818784,1.4371896270921947,0.0009409951131317569,0.13910604564019968,12.241029202217245,8.125482571138427,3.5770710644532975,0.77374379268472,48.19875605089407,0.20250791113971478,0.39313345949119977,0.6007924526987313,1.1964338233296457,473.5608235255174
1192,1192,202,23.26388888888889,779.3407260973255,23.777205332097033,3.795039831552444,0.6502105023601837,409.4587067135212,27.95345033552349,1.916203669338009,0.0008747170280963391,0.19855481437325548,16.332619925615973,11.2130620096479,4.653334380438034,1.20187101087148,49.719945674703055,0.2717066147785549,0.5489853708564373,0.819153707794438,1.63984569342943,486.4583590101805
1193,1193,197,22.685185185185183,779.5692130514761,16.488795584739897,2.804133386998835,0.3988214499509798,419.27697168381906,19.455668120521416,1.264662559021248,0.0008850635861758514,0.12046999201311653,11.405787022446042,7.70700569563661,3.2802055675847908,0.784085977541306,48.023818461504426,0.1977256287823203,0.37449582223407696,0.5882336687484838,1.160455119764881,472.7421602011783
1194,1194,202,23.26388888888889,778.3233652035857,17.564006430447424,2.9571141494832105,0.4558472773600201,400.62260476710105,20.722701088939026,1.476653192806354,0.0008399379595782995,0.14434540704181256,12.09877634767406,8.153324665405728,3.5029739313169834,0.8431710389216871,46.57439383399879,0.19553102841660114,0.40985053678783934,0.6357934166296854,1.241174981834126,457.684756868617
1195,1195,199,22.916666666666664,781.214306027975,14.4762092410403,2.2761743125004155,0.3369419252756797,426.44500791564235,16.791283385130868,1.1769287008314322,0.0009899782463864517,0.11386998557568062,9.818018192262294,6.825134545066776,2.9140082512375676,0.6212593601893791,47.96167384027385,0.1654931772153376,0.35062248003394847,0.496867716019319,1.012983373268605,472.9907909740054
1196,1196,205,23.61111111111111,778.4993950086362,18.164085223394647,2.9344803135117603,0.4627818240345504,444.31641608734054,21.242105174626154,1.533517060873735,0.0010249091589875235,0.16348285827195005,12.526164407445036,8.246545022672722,3.6245789779001134,0.8479183146498808,51.142023017836244,0.21772361738902077,0.4350378937714431,0.6244372591811364,1.2771987703416001,502.81413453677663
1197,1197,194,22.337962962962962,781.848599646462,19.15041445646814,3.19321081654883,0.4933555870766221,446.19060686647344,22.590148502081462,1.4777669407873621,0.0008990206255105726,0.15283289081956514,12.90363709265702,9.893019929798873,3.9061431326299823,0.8248305181335822,51.73166263582878,0.2355815728745376,0.45479111565724184,0.7235268653199068,1.4138995538516863,509.2871282152951
1198,1198,193,22.22222222222222,776.7419665844056,23.389561351404378,3.708759611290889,0.5785526560714098,408.3099842338277,27.111013461697794,1.964709730081993,0.0009511188265456645,0.18759428828072652,14.907104103806331,12.143910352532297,4.670361465858776,1.0419059035480789,49.43031513217446,0.2821502761537783,0.5431253556239451,0.8356128659325496,1.660888497710273,484.7681926711309
1199,1199,198,22.800925925925924,782.2157545179322,20.364235995544036,3.3188789775792733,0.5366905791560912,423.77936497971086,23.906120878899202,1.7012458272265354,0.0008762934131699895,0.16089197763808633,14.396590076480068,9.28536286249062,4.1320006981407,0.898543379648247,49.91760297942646,0.2428486497239791,0.4583646380980928,0.7312073306992067,1.4324206185212787,489.5166330679681
1200,1200,191,21.99074074074074,778.9608875319419,18.84888067417,2.7388207020132427,0.40461908245746186,453.4218462586479,21.71676933878032,1.3526566932058086,0.0010008518864798206,0.1265305925274131,12.974860156208427,8.683058991689125,3.713596078774532,0.8128563707373555,52.201498273072836,0.22238351667324285,0.4439020500526438,0.6912087674533585,1.3574943341792451,513.1781299690688
1201,1201,198,22.800925925925924,777.6763381366244,10.333065179041991,1.6058165701554652,0.24317074673646716,426.66485560539667,11.905500247171826,0.8920254234045214,0.000899582160723082,0.08845296544878663,7.035203967192083,4.738168599902505,2.047635914956729,0.46572954738106265,46.44783029020281,0.11833185657076188,0.24377665025369288,0.3490210368760238,0.7111295437004785,459.69644992545716
1202,1202,193,22.22222222222222,778.1307370801245,18.079765579013443,2.8427746609858455,0.4318706573419438,431.2756377965291,20.921623508905377,1.5111220890649868,0.0009439068843035652,0.1425916764158066,12.411127613958637,8.013345374285466,3.6204814543000152,0.7822509504459768,49.76461317631554,0.2178477797096803,0.45111765318111935,0.6229752762464671,1.2919407091372668,488.91434836330956
1203,1203,194,22.337962962962962,779.4198749778525,18.220598626439113,2.7194566166130603,0.37122771450384984,422.9338468243165,20.799675014320293,1.4168136496498827,0.0008918611307001345,0.13798170114639122,11.896489837832439,8.994508483818446,3.5911183840078453,0.7764410897233495,48.90198059429452,0.20088386806728573,0.4195007983952745,0.6492413198639909,1.269625986326551,481.2321859519961
1204,1204,193,22.22222222222222,780.3157506164171,17.394740112613444,2.8677181008593426,0.42999043795062075,447.6351399619909,20.451978175572666,1.3607343191219483,0.0008988618520635812,0.12379265169112817,12.0590029257843,8.425361434408407,3.556659667182193,0.7309205150739597,51.20106878922929,0.207713194002256,0.4166186114952653,0.6196094051470197,1.2439412106445409,504.2218754489612
1205,1205,202,23.26388888888889,777.3173340515181,22.84652471916427,3.9694933106828194,0.6144501885589682,407.183952987832,27.17129098537444,1.8276419506623225,0.0009380225909878554,0.18351152857996822,16.449235030974773,10.14678569284781,4.624912531736667,1.0723484691205551,49.225470981829545,0.26285802514399337,0.5468837950703778,0.7816588169755782,1.5914006371899494,481.23325102434075
1206,1206,194,22.337962962962962,776.6947513303918,18.707777781128605,2.8272707445090313,0.4420722644258369,411.37146419564294,21.566525375739804,1.4907334614338836,0.0009094545228066747,0.14655404203453137,11.883110784958026,9.382255575871406,3.7481082625721394,0.7884832515379843,47.97949258681739,0.21001436186333625,0.41405496876540443,0.694042411886757,1.3181117425154976,471.7902661519344
1207,1207,189,21.75925925925926,781.3318158978562,19.395124185764928,2.862595282495903,0.4364292437243086,418.3618777614931,22.138861573926693,1.6037152736285345,0.000860325716420664,0.15274423689658975,12.716772940313565,9.459104362671015,3.8453459650551505,0.8321405943949153,48.89398208757738,0.22236978019270498,0.44288623143768163,0.670487422919639,1.3357434345500256,480.4245422403176
1208,1208,195,22.453703703703702,780.309192321119,19.31993861558719,3.1452799769022723,0.4813207054497066,451.6118714049424,22.621613950312867,1.5831477370341127,0.0010043027074646172,0.14835629230796488,13.448239478717591,8.651581353604238,3.863991691589837,0.8897147307546741,52.28848615557147,0.2287808695348068,0.46142704676934304,0.6479700569503863,1.3381779732545362,513.6559987344473
1209,1209,187,21.527777777777775,776.2964345608742,24.512900188978925,3.5926090102313704,0.5289322080237745,394.31240118665994,28.003325303917514,1.8854748977321483,0.0008325621513612606,0.17498219788179475,16.595615102446693,11.130020594357052,4.795581804282721,1.070270023736957,48.32714085270416,0.2928012368825975,0.5842475140382154,0.8767660585355327,1.7538148094563457,471.7611447874099
1210,1210,199,22.916666666666664,782.08134172113,18.83430579101988,3.027678679443902,0.43236040749061183,414.18300616577494,21.9169704590166,1.5213762867769687,0.0009412391272991946,0.15451462389457896,12.413588211156556,8.892813414160187,3.7661946811940403,0.8421294859947845,48.341163404089414,0.2213370362166038,0.4218751727886603,0.6631757946950536,1.3063880037003177,474.87867923759416
1211,1211,196,22.569444444444443,776.5517732723204,12.075533860107464,1.933483395632992,0.2851663646024541,421.79713803756533,14.087488523391812,0.9190305811552136,0.0009147274306225485,0.08691575969767971,7.669283999724269,6.027005260539952,2.393836599622619,0.5494312622341658,46.6117875785255,0.14245478606413292,0.2668730917775209,0.4429525067081801,0.8522803845498339,461.0082247565301
1212,1212,193,22.22222222222222,778.0516314247368,18.641696627503844,2.939338713550264,0.41148067771387586,391.0724429203725,21.45966217560772,1.550095161920823,0.0007820159488991557,0.14852221108822924,12.827945554070011,8.597359724968898,3.708856553332455,0.8146136384597202,45.91555050593548,0.22649685801259692,0.4277669495581536,0.6204827359312959,1.2747465435020464,450.61959696396923
1213,1213,200,23.032407407407405,783.5356864084958,18.49215481785399,2.825027643211723,0.39191974796966533,417.21105164814395,21.20034902076456,1.4999336458449273,0.0008743208967738956,0.15384927199375883,12.181062857362596,8.17647849949153,3.5742259087398836,0.8858816555657281,48.44072127134636,0.21274176332526087,0.3965719774555777,0.633998563585688,1.2433123043665266,475.65505848484304
1214,1214,197,22.685185185185183,778.6030068164692,18.081302803018772,3.167462369238979,0.4322746437071109,423.8602354131109,21.290893217656183,1.5098863649573242,0.0008717948368169127,0.14353315250614282,12.98294924618975,8.417886989439856,3.6335054978565156,0.8432176632255287,49.08119971934251,0.21166597205607574,0.413634421581572,0.6181018386274812,1.243402232265129,482.62447214181924
1215,1215,206,23.72685185185185,783.375155037612,20.849985097321113,3.494686151838102,0.5206249950305283,418.0080739898927,24.461759850683706,1.7789822794609607,0.0010240596790163222,0.18265679617246025,13.935821135300177,10.132480056869236,4.157934174957156,0.9936469683780409,49.51429814823759,0.2316058202505149,0.48929500772828655,0.7242843119636808,1.4451851399424822,486.02703956022543
1216,1216,191,21.99074074074074,777.267027826358,28.71471640467553,4.525622347526564,0.6898546987532804,415.134311448903,33.39910050739751,2.2348204462853105,0.000914776785875657,0.2070296937287895,20.207101558742778,12.883098813797,5.75823900140964,1.2525683364290425,52.073901709117244,0.3251944850789044,0.6892651090439847,1.0406664238186207,2.05512601794151,506.855402493633
1217,1217,191,21.99074074074074,778.0669740170797,11.856110060247666,1.7572071989420694,0.24198118689643863,449.3490473449753,13.545738396702689,0.9018217874670318,0.0009180332328758424,0.09165234762308444,7.6519562022648735,5.71894888247482,2.3134979318192275,0.5251864707299398,49.23070987012811,0.13823819484467217,0.26929451521025766,0.4152240386015642,0.8227567486564941,487.12486638976765
1218,1218,192,22.10648148148148,781.903815795031,17.152954069077534,2.8368546942000163,0.39365649061926555,442.2327200921792,20.006038376736416,1.4106668299783602,0.0009600858512794429,0.13755531711934782,11.33894848663707,8.64022951427778,3.4559473113823405,0.7557667004158182,50.55417842843671,0.212692734225452,0.40693992782364086,0.604297642535366,1.2239303045844587,498.24727978642176
1219,1219,197,22.685185185185183,780.8969452021031,18.654012618447375,2.9226709847603067,0.4474312630031114,411.9910549981314,21.567449885769438,1.5797673886600612,0.0008476477998551546,0.1561373999703884,13.361300216335525,8.18302942604458,3.666914415948518,0.8737194799000267,48.04058367650813,0.2181965706671301,0.4427771285196002,0.6585506008184353,1.3195243000051655,471.3625598084402
1220,1220,194,22.337962962962962,780.7357839436612,19.564886790361296,2.976611992436407,0.4456842010267674,450.81024309391,22.427336977765385,1.6302518759285096,0.0009514887622110627,0.16751720149519558,13.289813685901736,9.046533596684274,3.90555624523927,0.8294492995323004,52.2237789456385,0.2285706668685611,0.45419614859074914,0.6846889798128051,1.3674557952721154,513.1724785584138
1221,1221,201,23.148148148148145,778.9160248174595,24.554160192688357,3.829964684097131,0.6373005797415329,439.07620143040214,28.726097549412653,1.949404064433846,0.0009294115909382278,0.19746455529731563,16.817709700010546,11.316482776122546,4.9067300148211075,1.1166697279785447,52.932377754084875,0.2754889610949879,0.5432424952334707,0.8356377829932427,1.654369239321701,517.9657742259078
1222,1222,199,22.916666666666664,782.1981137507777,19.29400538460622,2.964743414626388,0.46572581208822134,421.7736853429051,22.439122817277404,1.4401033331221198,0.0009953641024713635,0.14741348287979417,12.83505147125946,9.245785710967672,3.8833578562133337,0.8116349616116548,49.257561049669526,0.23247852327115323,0.474310427299425,0.6744206224397625,1.3812095730103406,483.8477830534107
1223,1223,192,22.10648148148148,782.0559173635062,20.4844935045965,3.1612283805488772,0.4762590337698363,409.21375738905306,23.69884015367132,1.625145857531836,0.0008601471656324279,0.17069664141156762,13.437026300251008,9.821409742310381,4.109191162268382,0.8722663249820565,48.439054265046195,0.24467875968271946,0.4635571923489366,0.7698600735162282,1.4780960255478843,475.1122443628572
1224,1224,195,22.453703703703702,782.734968247675,28.625968463469224,4.173659640552934,0.6354652359270498,397.193802307083,32.654125978920526,2.3425247794073947,0.0008669483636923311,0.22722159439512007,19.776919645097937,12.286255353980078,5.6076773280869086,1.2653038011825415,50.12771061351854,0.33718157488460265,0.7049455435328952,0.996516539745742,2.03864365816324,487.0515150895318
1225,1225,197,22.685185185185183,782.080876666914,22.46289053436573,3.656774428228552,0.5165925995184928,418.9749242261921,26.152954918517278,1.839247134949257,0.0008773228511113555,0.18327927079661108,15.057414401212483,10.678081394907109,4.473760106175045,1.0258927919599936,50.162095439683156,0.26069270727695787,0.5346932344474079,0.7763142567372445,1.5717001984616104,491.5369749269229
1226,1226,190,21.875,781.4642292115527,23.44529565568275,4.005504481819696,0.5699019411675668,385.985431083179,27.6226019337609,1.8131697698190175,0.0008458540456215605,0.16396425074220644,15.275373563936279,12.274800137461108,4.7785288329043265,1.0057313844942504,47.29897695435376,0.29105301452932936,0.5827635445172306,0.858438177526208,1.7322547365727679,463.39803006164914
1227,1227,203,23.37962962962963,777.3420115560106,13.37705601668612,2.2262193831331563,0.3538537862106685,434.11432590196614,15.688205618228462,1.1865328723332649,0.0010346953655040359,0.11195893496455052,9.177417305196366,6.229338068827822,2.6601640280685737,0.6491358697620504,48.360627277750616,0.1530806636039168,0.3016110425484716,0.46103310613479614,0.9157248122871846,477.5135499878334
1228,1228,193,22.22222222222222,783.5752762037591,12.061491669431755,2.004204867939215,0.27570957956288344,478.87406445762366,14.100884648661703,0.9539277874675773,0.0010122854588218591,0.09723194776263394,8.010896124863022,6.096242447378976,2.4456746174312043,0.5136874069839676,52.32748710622105,0.14351615016381183,0.2677282633748469,0.42078428070478724,0.8320286942434459,518.2561604099458
1229,1229,203,23.37962962962963,779.2501532200201,23.68758865547664,3.6858480649228444,0.632788369358649,451.00173778815525,27.468440646915635,2.0928357673896993,0.0010056563375559604,0.2190144304782746,15.97890555965194,10.917282962596769,4.715485269194499,1.0885976140782134,53.836636467808326,0.27928280864798316,0.5765335603145938,0.8521258739841415,1.7079422429467184,527.2185674678508
1230,1230,197,22.685185185185183,782.4068412010824,10.721380001741478,1.6336206449968833,0.23091379352136948,469.62122184409037,12.270293212499563,0.8829128801809429,0.0010350718258706536,0.08479638657310294,7.111874648809715,5.288074351336042,2.1143931950212442,0.4751845044127518,50.87216007690726,0.1242238459225881,0.2554418139020387,0.37282583378164724,0.7524914936062741,504.07631737980586
1231,1231,197,22.685185185185183,779.315315316183,17.413745129490692,2.802130309203525,0.37578895948283825,399.2603000888409,20.230444570122916,1.3328827540898303,0.0008440561988815377,0.13071034022858727,11.657984424816,8.16911788090587,3.4801019814127745,0.7529964097584837,46.29966025091079,0.19541515178667565,0.4156465832077733,0.598505955630916,1.209567690625365,455.15863017036065
1232,1232,198,22.800925925925924,780.4997513318025,19.23635992942003,2.897156500336149,0.44473876615742847,399.22578090513224,22.176283069102745,1.5445447302689155,0.0008560497974932964,0.15299085085301323,13.0196790336259,9.405308700099054,3.775156983231238,0.8776660476597546,46.93917966732662,0.23007771257875634,0.4183343916200977,0.6853532078629692,1.3337653120618231,461.0706078441199
1233,1233,197,22.685185185185183,781.4490469832906,23.757904869449305,3.9808384121768876,0.6348177582997222,399.5010237028565,28.126732461850157,1.8550058631667625,0.0008504333599175532,0.19079886659310613,16.765171805637355,11.001112248847493,4.720974202435668,1.1559388653187228,48.78124363809014,0.29317333348419833,0.5944321818383179,0.8652360395416026,1.7528415548641187,476.67883923921846
1234,1234,196,22.569444444444443,782.4535454368381,11.579067596998488,1.7191438352911208,0.26352925382178977,466.802396330789,13.319163993490433,0.9047851331612224,0.0010050130934841641,0.08610460836112706,7.665348358928842,5.62867332995334,2.2923174262157984,0.501264234978245,50.905429973284086,0.13674519226754436,0.26945991388734103,0.42319464933388423,0.8293997554887695,503.92685051164284
1235,1235,194,22.337962962962962,776.5544161395599,24.928905929508467,4.005229687503179,0.5711954595628116,395.4975231946361,28.92095720951032,1.9219369880998993,0.0008607526064514796,0.18345143392280025,17.170008876431723,11.252884860990322,4.913519624031684,1.1508686126634955,48.68208260274678,0.28360788385587604,0.5678811123961833,0.8910911662847605,1.7425801625368198,475.08991391557237
1236,1236,203,23.37962962962963,777.4837802968409,21.037359773776554,3.468588597859242,0.5343176789124942,377.1165200626259,24.6514201033792,1.7485821872957974,0.0007780080181723316,0.1902246358537865,14.264716527415777,9.959879138566443,4.218091394507727,0.9725801492792374,45.47652019902088,0.24617424316161438,0.4687312244832471,0.7107329311238373,1.4256383987686987,445.3239801288433
1237,1237,192,22.10648148148148,777.1469112368418,21.561741549455192,3.2311853290320176,0.4788989034583422,394.67473631327204,24.78105012229543,1.6526895644807889,0.0007843683320081814,0.14838181781545423,14.978100566076735,9.582796587610725,4.2062324007409755,0.9789537052623212,47.322144479803136,0.258493507417363,0.5090088477224574,0.7879842737302326,1.555486628870053,462.85293729062533
1238,1238,192,22.10648148148148,776.9209812425507,17.544349612325874,2.7285378368501148,0.41648645284797725,407.8398741138539,20.277226720017794,1.4614785061473903,0.0008274858003936355,0.13893595964892708,12.311934133038648,7.86896963434677,3.500847598766002,0.7746293664077019,47.232050883244604,0.20264141612513759,0.40074376665382694,0.6637407125329206,1.2671258953118851,463.8192891823247
1239,1239,194,22.337962962962962,778.5566932889005,15.861063084791361,2.3978908343323515,0.3870749045388481,405.0231270537079,18.260787523770368,1.3644766439165854,0.0009201438698565443,0.13267422389059214,11.14438171735616,7.0882344169017255,3.159442958967489,0.7043200732530164,46.308784867537334,0.1781450591028195,0.36222920725311036,0.5402403441498017,1.0806146105057315,455.4606264724459
1240,1240,200,23.032407407407405,782.0858776401435,20.698134994603485,3.417849239919237,0.519096511397696,460.2580219262635,24.324918709043356,1.6384292719755957,0.0010657159830974854,0.16768452999306335,15.091178936099887,9.058615360933054,4.147761694334931,0.9576729906404514,53.67516650636324,0.2502163483576181,0.4887794733407279,0.697719721638486,1.436715543336832,526.6259664884243
1241,1241,198,22.800925925925924,781.7048091761038,28.54913578186511,4.341438286485162,0.7368625737136962,427.6840153223527,33.18044303463739,2.274193560831345,0.0009032322442047051,0.22300506046268415,18.91079816729241,14.1656965442399,5.611188182258127,1.3520436653356023,53.25489027494354,0.3486120860655215,0.6983031214097558,0.9783675710945281,2.0252827785698053,520.1442080229956
1242,1242,196,22.569444444444443,779.0335589270918,17.034805624282154,2.7364559675201985,0.4064509436176061,439.1276928839258,19.86882153012122,1.3568949902484582,0.001006951583487145,0.13137923658076853,10.863797765987561,8.745578404445139,3.3898593771427894,0.7826780385030823,50.18729784155115,0.19926915298543932,0.4162600776527309,0.5920785726481385,1.2076078032863087,494.78923175125703
1243,1243,197,22.685185185185183,777.6173248794031,25.017189915575933,3.988720589901025,0.5849344727917657,395.80640287000426,28.97231752260343,2.130123313166703,0.000847688020148877,0.1963534480340574,15.983404781664996,12.638138629331973,4.896314095231354,1.2010191272804176,48.773447662672744,0.2846986073968268,0.6117988909797272,0.9027605670869447,1.7992580654634986,477.2316197374045
1244,1244,196,22.569444444444443,777.1612891831978,15.641591286589154,2.4047022471161914,0.34743189055894336,460.8498306450144,18.084310633360733,1.1883559415440306,0.0009920110917357374,0.10917853849683491,10.693737227480815,6.824652324349548,3.12165395662639,0.671525415976957,51.79597421675066,0.1862403220910467,0.36137122228949264,0.5240631555799107,1.07167469996045,510.31589959068543
1245,1245,198,22.800925925925924,783.0734428651296,19.72505180188301,3.3498161679173357,0.4885561460043815,398.5577630779302,23.22160306239783,1.6431844497064367,0.0008609748715828695,0.16456298042280434,13.303804130226373,9.988987565464534,4.019445710148178,0.8705925147426674,47.180804086190186,0.2278384602823271,0.4607741248127117,0.7128552128383574,1.401467797933396,463.43189224942233
1246,1246,191,21.99074074074074,776.1363883484391,22.434767103308744,3.4729877046710564,0.5490130554321745,432.6124305233984,26.262840618696156,1.6627087394317757,0.0008784629636077199,0.15424328124376216,15.977710454779725,10.055911214280002,4.4873605447918665,0.9958657964826223,51.524351289060085,0.265622847994063,0.5615580361716208,0.7982893737581875,1.6254702579238713,504.31447730262397
1247,1247,196,22.569444444444443,781.0907259269773,20.34481552666246,3.243004840295831,0.49496238309398416,436.3164948927239,23.63030675256899,1.7031656968514877,0.0009500298583363084,0.16351273794889928,13.95876203414902,9.843288032345622,4.0543191607767515,0.9223730271871605,51.11395043141677,0.23770268052459298,0.463140366948867,0.7268151389332599,1.42765818640672,502.1448512667202
1248,1248,191,21.99074074074074,778.4701569121169,25.335461445325052,3.6761036074601248,0.5834472006777747,416.82839994153045,29.066088338880114,1.9847887443996268,0.0008434480391899521,0.17846185584074756,16.839309076576072,12.225408388599677,5.041463053514711,1.068182305200155,50.92534180609135,0.30453426366200026,0.5982335007401892,0.913324080115774,1.8160918445179635,497.8047401739855
1249,1249,199,22.916666666666664,777.6517681537902,24.781370674033223,4.008496591725045,0.6350392170665645,429.0477299889927,29.072466530914834,2.0228736132447036,0.0009345544916407459,0.20369339125296956,16.853934463062423,12.041473871141006,4.958339523562245,1.1424162529235398,52.06423364942925,0.2848985803831291,0.6154245343376761,0.8589732690393647,1.7592963837601698,509.6741305931087
1250,1250,197,22.685185185185183,780.3617898007057,26.5288424390496,4.478981137633056,0.6456531496233221,391.5587402104357,31.323525499797665,2.076307320606363,0.000815806593027167,0.19566663612400736,17.670528295923557,13.402571221414728,5.3031033721158325,1.2450945489930374,48.998215454798434,0.3110669557865387,0.6479946010590921,0.9841483484301825,1.9432099052758134,478.7025112476623
1251,1251,201,23.148148148148145,782.9332523583716,15.21817801397182,2.467419321424961,0.3534162406651277,408.8188161642285,17.63634877799464,1.2681636192267776,0.0009463622507955449,0.12597529109079472,10.057469706625609,7.3181422769292475,2.999664494177512,0.7067297178062094,46.44680901072688,0.1728993030877693,0.3318929909770361,0.5155573450961634,1.0203496391609688,457.9341499189273
1252,1252,191,21.99074074074074,782.8096064227179,16.444601789807336,2.56991351680503,0.3695368618612375,429.7360275333346,18.954312047699197,1.2933898323554016,0.0009110426830189532,0.12074206380967116,10.94489259010366,8.036072149600955,3.2769372435236934,0.7066211093350424,48.978761809991504,0.19486833932180112,0.3885703746772597,0.5594113612087234,1.1428500752077841,482.651915266023
1253,1253,201,23.148148148148145,777.3626362857814,18.091326145049948,3.2291864973487656,0.46126217662288,441.54623503238923,21.52813921170381,1.4752047533794859,0.0010256098516675163,0.15150822257866814,12.190089402889825,9.14082764929621,3.6658621632516026,0.8530266139627755,50.90182670097941,0.2193889149001348,0.4202749138600887,0.6305840682734598,1.2702478970336832,501.4138519724688
1254,1254,199,22.916666666666664,780.2705405544564,22.27188849855918,3.7256825146017647,0.5484784444283525,435.63848421944425,26.127480888443266,1.839875565380921,0.0010034403554862103,0.18353485207911108,15.563622289866988,10.295671279842814,4.484869937226447,1.0191769314649348,51.8078593554719,0.2548979080435733,0.5355006829305613,0.7634656968445758,1.5538642878187106,507.6900108596451
1255,1255,192,22.10648148148148,781.4121437058482,18.790445718183395,3.275678564468576,0.46864147371241377,403.7306447068743,22.252792029655065,1.5060094475814114,0.0009247986645560138,0.1336578843919309,13.144014404496998,9.42376462263942,3.74791160207226,0.9137283430656757,47.35198504261085,0.22225434087961715,0.44359473366512875,0.6621389708102192,1.327988045354965,465.5721872366638
1256,1256,191,21.99074074074074,776.8195873926504,21.05655578263303,3.1963104507054743,0.4934204759161552,411.4601150921143,24.320553253116397,1.678909099295709,0.0009032946403293556,0.16046232639495034,14.230455287797268,10.472070945942063,4.136017265579828,0.9698930416959324,48.86140399014686,0.25082610083718937,0.5122676299844924,0.7636535279551752,1.526747258776857,479.47195828681095
1257,1257,191,21.99074074074074,781.4670523353464,24.5951127876156,3.689497116322912,0.5158570722068592,407.0038424063788,28.236944095445327,1.889329521082323,0.0008513996057771771,0.16950812668728876,16.297167527307383,12.049088012901269,4.853056495535824,1.067844524319189,49.66139095442663,0.2992470824843394,0.5532456781232935,0.9068842550656181,1.7593770156732509,485.8303085737744
1258,1258,195,22.453703703703702,778.0105848420895,25.306323841148597,3.8837624478885724,0.6496552303403194,434.8956604277958,29.52176500091608,1.9344112148552044,0.001002484342273644,0.20453932202409902,17.369480900352208,11.00921810155199,4.963449678391771,1.2059151005241697,52.78432045435001,0.30407654219649577,0.6075247636341484,0.8906933867136568,1.802294692544301,515.3779975423233
1259,1259,191,21.99074074074074,780.2422488414734,20.053633221428704,3.1566694084576494,0.4375768577716224,433.62754494310434,23.14521907521959,1.540456300295528,0.0008796622294611897,0.15292062970897052,13.668842386489384,9.313596515771534,3.9400985598729323,0.9104094987878845,50.70056903209614,0.23689922883608808,0.5059518204609056,0.7175827597394252,1.4604338090364188,497.73943848168454
1260,1260,192,22.10648148148148,776.9958567749715,24.66736878347875,3.921253767126659,0.5730686396335853,399.4628114876606,28.588267451064812,1.9800701550885509,0.000887341293898241,0.18249549317231448,16.43788500909748,12.084287536287674,4.97135905431725,1.0422456708079717,49.0119414140775,0.2967518662317184,0.5975609618576688,0.8793800865722523,1.7736929146616396,479.24780829459365
1261,1261,198,22.800925925925924,780.0310713508711,29.055457452558745,4.469008158869389,0.6814772379086368,415.8077772192273,33.643594786416244,2.275621152379498,0.0008415627742166345,0.23746036766723772,19.27869016216218,14.269745746388308,5.819942259314221,1.2447275342361352,52.23454788910449,0.3382158203534401,0.6681307513875687,1.0650310900030286,2.0713776617440374,509.57703113948395
1262,1262,201,23.148148148148145,783.552332837844,21.53086777984417,3.624453574771537,0.5684878515363849,427.91504210032457,25.28893368769522,1.848289582735503,0.000928090461014336,0.19815815827573785,15.556605261623764,9.488648628073355,4.27460858034368,1.0525008976156496,50.76664339602451,0.24823136703077217,0.49511619419767183,0.7564794995239724,1.4998270607524165,497.29074599242927
1263,1263,204,23.49537037037037,783.5107404781896,16.681047173992273,2.770777546707866,0.41634089755516057,439.14767569566146,19.509918383676993,1.4245550449224276,0.001035034300189702,0.13531561564786182,11.132048396329962,7.657699457584292,3.3487898076209754,0.7643641783299903,50.066440852527926,0.1957532543210617,0.3730764749882308,0.5536386937561203,1.122468423065413,492.9799872590649
1264,1264,202,23.26388888888889,779.2087722113002,15.223709000069977,2.561376428104533,0.3643207021597595,442.3862123673208,17.81800658479833,1.267625250460764,0.0010029850912931521,0.13748428530548018,10.54566993696502,7.2297400167767645,3.0675133827909855,0.6838729099751031,49.84644720629101,0.1735954121666889,0.33624940022554656,0.5024848142315032,1.0123296266237385,491.75319353947754
1265,1265,192,22.10648148148148,781.181588281627,22.316332316596128,3.5362925216231127,0.5052517483196699,380.75296264739995,25.900073761759117,1.7782474503618508,0.000821022539130453,0.16607476648784428,15.396558307538223,10.602130860590169,4.487799797145239,0.9606462959597865,46.29297746184686,0.2701050604535759,0.5098078321147586,0.8491836902869097,1.6290965828552442,452.6357297716373
1266,1266,188,21.64351851851852,782.2056358066847,16.60176391889332,2.4933069649185287,0.39795857771887444,421.24978592550866,19.178193629241687,1.2927386790830364,0.0009274656654597295,0.12085800849565226,10.945191881378808,8.317830786848988,3.2882449393878,0.741064378389129,48.22248217107047,0.2010650400106495,0.3966850527107652,0.6386676916826436,1.2364177844040585,474.91909105855524
1267,1267,196,22.569444444444443,782.8139224896962,14.230192881228987,2.249337150622772,0.3381430334399062,450.08379584551835,16.57570051874447,1.1328695217856937,0.0009773299428359554,0.1053095052367401,9.578424086269775,6.744378292834931,2.8568702681290543,0.62256149020154,50.240473207630714,0.1673104522834576,0.35453639713987317,0.47707004944144826,0.9989168988647791,495.9390527365501
1268,1268,197,22.685185185185183,781.0441883123674,22.095026703538178,3.6044562079974827,0.5521757294197773,426.5771189896333,25.837711458585545,1.7646822825903599,0.0008903160121480588,0.17358501154722358,16.034445384049636,9.791306085198553,4.494911944969528,0.9332610886220158,50.807666942044015,0.2571701614077974,0.496675071310477,0.7985164010251163,1.5523616337433908,497.3774874518574
1269,1269,193,22.22222222222222,779.1294294442152,19.573104045656816,3.211642731859753,0.4850812726107275,442.13569879936705,22.968538705515193,1.520826183335342,0.0010096554972610448,0.1421422457972681,13.291051243977353,9.42043671183377,3.907448118819609,0.9056689981733611,51.43871599417011,0.23057154010968722,0.4748303508977107,0.6725332383100118,1.3779351293174096,505.64953259778355
1270,1270,192,22.10648148148148,779.6342801205357,18.371699746014762,3.013588696647647,0.46026045060989285,447.3621068755201,21.483959823261806,1.4519625922537778,0.0009028573690503407,0.1421927777079207,13.107691162236799,8.339299081275078,3.7211400707010585,0.7945376851662753,51.52735317944327,0.2064761442420305,0.4564310775992612,0.6652587218630635,1.3281659437043551,506.46981660023164
1271,1271,196,22.569444444444443,782.5031749211314,14.84456066659915,2.4423734802938974,0.3457491679343039,433.0886338928092,17.324754317805255,1.1942049004055548,0.0008784719765808708,0.1142301140130655,10.793218004061266,6.344587560214616,2.986168341559195,0.6524112486934469,48.780920544808914,0.17445403603683318,0.33967910742070445,0.5435077614377233,1.0576409048952609,480.39619306719953
1272,1272,187,21.527777777777775,779.0619822442603,21.56782236884885,3.364596716877531,0.5452699666264791,417.66950052541074,25.290573263317388,1.5389540539153748,0.0009176862452316824,0.1492185096155627,14.281490815036696,10.683863692125984,4.334815347122758,0.9455767000963585,49.73062155800162,0.24525910212898486,0.5428428785099119,0.8073441446839763,1.5954461253228729,487.68655495552514
1273,1273,191,21.99074074074074,782.6950331435138,29.161295206375744,4.53617586350878,0.6592774506024877,401.6255129359121,33.713993726291,2.3057831421605024,0.0009086468113938854,0.205709633042852,19.535197358170343,14.05707645722221,5.775859933514843,1.3041943589331826,50.84289857695145,0.3284356767896583,0.6992539120014122,1.0455330484048064,2.073222637195877,495.419009991571
1274,1274,196,22.569444444444443,781.7429745995549,19.429912693702583,3.403962833658612,0.5192413927221929,414.19454574600763,23.043319652771096,1.6008463176092214,0.0008824189288227906,0.15793657448075404,13.912947124555442,9.116633416871228,4.021015371216874,0.8324665438858915,48.66900273338435,0.222699721126319,0.4796993436979489,0.6705554027834739,1.3729544676077419,477.69371742946277
1275,1275,192,22.10648148148148,782.2856588181414,14.015224704970732,2.1883066453349995,0.34154611219235276,455.76072159057503,16.234411751537923,1.1631196727924313,0.0009943027846262863,0.10922427021918756,9.183675604869071,6.948853079343195,2.7540046914980594,0.6611011345151808,50.72160815216196,0.16178565375068832,0.3299890516340013,0.5049152842945378,0.9966899896792274,501.17419794544304
1276,1276,195,22.453703703703702,780.5223241304327,20.938439714170983,3.3108347981971686,0.4833601314432992,430.3658818495707,24.210421132644964,1.7275384652473236,0.0009448216193288613,0.17406432138888003,13.861073618418407,10.129933113576,4.2264295200570565,0.8832833470622546,50.730580290298356,0.25009436871885954,0.4814567131315494,0.7546163933158676,1.4861674751662766,497.93729869014425
1277,1277,198,22.800925925925924,780.7390388009402,10.990053566427756,1.8512582416360126,0.2920342068812764,476.22385503780464,13.040294923680023,0.8538721004040548,0.0010725510632981286,0.08102834094256588,7.205631068537195,5.584686743478935,2.206645187764223,0.5189537764796468,51.702590067847,0.12460839723856143,0.24516235363336408,0.4047754405822752,0.7745461914542007,512.4183008680166
1278,1278,197,22.685185185185183,782.5114945600822,26.70284996548958,4.154690740487354,0.625448944448257,417.47401899994026,31.044275950005684,2.0446700696487157,0.0009235536721756937,0.18987585711672958,18.933182926017633,11.418424068025166,5.292601839371453,1.2063504404642966,51.534952528436264,0.3033085722939013,0.6353346405893703,0.9350336115334733,1.8736768244167448,502.02780725308634
1279,1279,197,22.685185185185183,780.4470369002174,12.462573048318175,1.9504748161097494,0.3042667370686004,433.9878382991663,14.557560968654775,0.9557153397082018,0.0009693828183587318,0.09006918445979518,8.445524772834855,5.712019525534557,2.4850878399790703,0.5591307867894755,47.97334963079671,0.1434356620697691,0.28349527493216337,0.4339474547548015,0.860878391756734,473.9265843203638
1280,1280,198,22.800925925925924,782.7638784086993,20.180497647595992,3.3658553154385102,0.496333134644403,402.3557067228293,23.598511569842636,1.6920744994517456,0.0009233155284802662,0.16521032965821864,13.200811561701721,9.675869259180292,4.0927191291669,0.8812890643206902,47.69889864003269,0.22361855900611116,0.5004995287445887,0.7039728501358766,1.4280909378865765,467.9330809255437
1281,1281,190,21.875,776.1830990914553,16.0157837121167,2.5531770150206143,0.3830664412616081,443.54971410219747,18.63707535906315,1.226136255370399,0.0008992215133761391,0.11349644297482749,10.306129993875913,8.019707143485816,3.1677825327122484,0.7306667248623917,50.23971960681832,0.1864087385942603,0.3923519906257969,0.5870591732413336,1.1658199024613909,495.56332485303994
1282,1282,191,21.99074074074074,776.608002723137,19.42464276483455,3.141517115135598,0.45344438569676143,403.4607031341227,22.742206349431754,1.39230495081962,0.0008107301904012714,0.13920601016501782,12.673675689257628,9.93991108283921,3.914150052630382,0.8331028603015621,47.50127244264948,0.2323833439705183,0.46882345318967444,0.7093536265422378,1.4105604237024305,466.85255985986987
1283,1283,198,22.800925925925924,779.8259312606822,19.48892932160741,3.11489527069678,0.47555422208332365,424.4213925794949,22.839849494220058,1.4995416724470934,0.0009688586282277931,0.14594421994158788,12.752637369766834,9.817614820748657,3.9435826441780555,0.8399981454995182,49.62985645550539,0.22881614803719572,0.4514059790553705,0.6993035569000969,1.379525683992663,487.9677969335383
1284,1284,195,22.453703703703702,780.5936775752232,21.491085261194154,3.1705158320368634,0.5081340003331227,444.0016468300868,24.87788323190168,1.6077178514560773,0.0008985029667879673,0.1566572696075434,14.95846447478316,9.367585883385946,4.21780378441279,0.9898396831353089,52.24593779640108,0.2527198122604832,0.46437845798711747,0.764783910736915,1.4818821809845155,511.87165031150164
1285,1285,195,22.453703703703702,777.483454029005,10.112280455345712,1.707951064170007,0.2536660885605262,430.2546288682502,11.977699721215354,0.7815177193782293,0.0009643076930612366,0.07899637240654334,6.686510151665435,5.08472666362845,2.019803316439885,0.48673850447335953,46.78140201619502,0.119150187877301,0.23446745531097637,0.36810739596982145,0.7217250391580988,463.48069812071947
1286,1286,197,22.685185185185183,783.5356640731537,26.052654051530336,4.506296574263209,0.6536137510732563,404.03603529530517,30.573136720662507,2.2804803130980433,0.000901683643789729,0.22312772509111406,17.884109057785974,12.8361973390195,5.370313345857416,1.1051442981939843,50.10308708546797,0.3225662042039659,0.6482607550711444,0.904204879309762,1.8750318385848725,489.5129329363232
1287,1287,193,22.22222222222222,777.0725826496513,17.383214099342542,2.656196213145096,0.44729505764809846,412.23731382249093,20.19833679711864,1.3948238641333253,0.0008596161094623422,0.13457169073476719,11.75266326264971,8.470157136574967,3.433370673077599,0.8088810519376245,47.605285894397895,0.21321541016527482,0.3999371293889129,0.601942542867989,1.2150950824221767,468.3801151047353
1288,1288,197,22.685185185185183,777.8728783931836,14.436278708255655,2.2249190279956323,0.3461087193249459,445.43837175262206,16.648744671849293,1.1993899272453161,0.0009188295701268537,0.12180902857376043,9.428641201319703,6.826627053478269,2.8932985905390196,0.6242118656828956,49.84234282682385,0.1675165032480378,0.3445782183281837,0.5102305042242428,1.0223252258004643,491.7830034009374
1289,1289,191,21.99074074074074,779.1720958114663,27.345417160458236,4.386178347699896,0.6343851520486309,395.92395274867135,31.72411181499497,2.1883006844241,0.0007789216577306129,0.20662289307340437,18.940642955434267,12.208087661282145,5.479029890580926,1.1805735491042042,49.6163689529397,0.3135265369461988,0.6366525420656209,0.9583922008112314,1.9085712798230512,483.1860101038187
1290,1290,193,22.22222222222222,777.1427388709317,19.71749641933787,3.285951752558803,0.4885210343635344,432.5571544442337,23.218556702982905,1.5949500648859574,0.0008510723978588766,0.14780367777775869,13.410182158994152,9.611697197510518,3.9327808046129547,0.944862679895234,50.57969691359502,0.2445338601907982,0.4736062462084522,0.7200063867209943,1.4381464931202448,496.9387723436772
1291,1291,201,23.148148148148145,778.4010405657626,30.347148249942503,4.731816195496438,0.75013953751165,419.721920426341,35.10184269276848,2.6191560969890517,0.0009149021935865357,0.2555660091676737,20.22640929056382,14.892972845455736,6.021367421442279,1.3837980580009006,53.09781477661807,0.3544215858014633,0.7132143217131983,1.010371454747583,2.0780073622622446,517.9046497975716
1292,1292,196,22.569444444444443,782.8589682348304,21.805496073127742,3.5312927404931216,0.547329267671846,436.5923537779487,25.45099987807895,1.830047996130024,0.0010095632705343117,0.1859174502679783,14.932713369938456,9.817868550400755,4.41133776678482,0.9589239880973472,51.72237742696646,0.2692021825928769,0.5299922260240845,0.7533228246455981,1.5525172332625594,506.6850942855344
1293,1293,192,22.10648148148148,776.4725317811173,16.41341818717895,2.65214336624083,0.37488944185736683,414.4145037699808,19.104746070005255,1.3410589433452997,0.0009064928240635666,0.1310005982651097,11.029142563057238,8.043945779566986,3.303455091005666,0.7165529268421913,47.4989237068738,0.19693123579635005,0.3919481924745666,0.611494793880489,1.2003742221514058,467.6969948892639
1294,1294,195,22.453703703703702,776.6211229820535,23.586499180368083,3.492960188162754,0.506468936371725,430.88595538275877,27.1066911927183,1.8018424851680366,0.0009283888153824091,0.17390784857799446,15.930673152391252,10.34382327661536,4.614033496886884,1.068682003887569,51.67854786993571,0.2756828255673839,0.5569780278228487,0.8297237309993675,1.6623845843896001,505.2441769647204
1295,1295,193,22.22222222222222,779.3538895075465,12.473921546105222,1.7761079002120777,0.2865194942856497,440.66178724681316,14.348513778277745,0.9348303293274285,0.0008804530736283659,0.08877027014755628,8.543970600299433,5.555797828860358,2.4798115535346277,0.5255140931693638,48.61038447001715,0.14249783979345734,0.2896641486157284,0.4511348116554175,0.8832968000646033,480.0157512938714
1296,1296,196,22.569444444444443,779.8972894283462,16.450958332389,2.81413490353685,0.41964387924001,439.35139120796435,19.29490817119442,1.4848053866638742,0.0009151745329938946,0.13921082819212047,11.455288197505052,7.753208166998275,3.328267501682886,0.7609968869393622,50.07138535596901,0.2052676513553044,0.4044349139186432,0.6081338387000775,1.217836403974025,493.0162768433083
1297,1297,189,21.75925925925926,776.718718393615,18.78604363979492,3.041676642159932,0.4545360429397193,430.57942027469886,22.010889900466587,1.4196360106567234,0.0009104099283843511,0.13582837171046436,12.183262487810548,9.884729004332968,3.733671190723374,0.8641800611987036,49.963968209138734,0.22768986513962752,0.4268334700826515,0.6472056519512966,1.3017289871735755,492.2132505357842
1298,1298,201,23.148148148148145,778.587055488875,22.03792001817611,3.3018698590649653,0.5344967395294669,418.5256423295266,25.48028092748584,1.8453233466260552,0.0009385110144065794,0.17886404371689202,15.364861442346037,10.102515360498298,4.339813876472084,1.0168945821783268,49.923965735116404,0.24368335349394837,0.537928972471825,0.766572648869738,1.5481849748355114,488.9127445691245
1299,1299,200,23.032407407407405,781.9558958095162,21.166348208563264,3.1682444358723107,0.4727710211181982,452.1052204502198,24.50167337418859,1.5961930641175497,0.0009582224367104586,0.17346566164626617,14.02159263121098,9.754737689977274,4.179826550731962,0.9422363150856953,52.932112072207026,0.24288684413820694,0.4946404270757019,0.7257828515468698,1.4633101227607788,519.5249851167184
1300,1300,195,22.453703703703702,776.5074436702298,20.246406328695585,3.3413411405878364,0.47038525739538445,433.61896635581513,23.63924539803678,1.624838308282155,0.0009304817426720695,0.16290883015026972,13.86471031031947,9.439111841101068,4.095786926441974,0.8731673719658088,50.82710179235252,0.24804784277479733,0.5014537717764231,0.6796202808841513,1.4291218954353717,498.94221013565004
1301,1301,195,22.453703703703702,778.7824000415744,24.034144568390126,3.9411143549331284,0.5832123826267256,410.2391685027617,28.237392918737577,1.7908462629978275,0.0008639648613347347,0.17212547930906857,16.71155660081701,11.278863189371634,4.8115675479997995,1.0941493264213427,49.90211340906357,0.29462642273917694,0.5663739691484277,0.8634396915282694,1.7244400834158742,487.907888581826
1302,1302,197,22.685185185185183,779.7568418279404,24.355552537275283,4.068543423680495,0.5769218898795861,396.25477856107926,28.41766378900068,2.0022885277106512,0.0008496730402064995,0.1835344513859685,16.14677934622306,11.734734909278608,4.868969874401237,1.1066050527921205,48.614671378067875,0.2856484150556972,0.587862169803643,0.8781965091984162,1.7517070940577564,475.32214978358184
1303,1303,198,22.800925925925924,778.3189970823731,11.356375168041806,1.7437063002230142,0.26837935481522135,452.26901770423285,13.076308556177453,0.9785654671875889,0.0009815434556820725,0.09537895128383847,8.065121768294217,4.815172214576805,2.245642649997791,0.5166796040102399,49.38749298327793,0.12479392631209102,0.2581616687752598,0.412897259586666,0.7958528546740169,488.16206036867635
1304,1304,197,22.685185185185183,782.7562379516893,20.662601456678544,3.382487869432267,0.474276819147277,434.48151497243276,24.02475200832481,1.7195275344836383,0.0009272397395038391,0.1591350214536601,14.240056425199313,9.698638885760802,4.135873392779956,0.9229099518170992,51.05116284099119,0.25183236168884543,0.48442819908416695,0.7121268740239632,1.4483874347969756,501.1110325868473
1305,1305,202,23.26388888888889,782.0390844388986,18.151769934895334,2.9644068365473766,0.4180203234068829,428.4163975007499,21.105018311024605,1.5633321154304272,0.001041983752600521,0.15839528220298724,12.382346286458239,8.506654258587556,3.6222274223118514,0.8334664181835506,49.53283372229107,0.2162119262036587,0.4061882698643587,0.6513062834203373,1.2737064794883546,487.01443686658143
1306,1306,202,23.26388888888889,782.2341143643897,16.9631327943515,2.84572742117191,0.43113794818124934,424.7071706132273,19.978056311097696,1.3831434764943795,0.0009602079356282165,0.14512010120719512,11.6829641976001,7.738596415348942,3.3960425504109493,0.8014040781793155,48.75613341711672,0.20164777828779212,0.4008308874866897,0.5843590547363571,1.186837720510839,479.5773296381168
1307,1307,191,21.99074074074074,779.7511118580848,20.52395725033893,3.4090434980307194,0.4736125037784463,424.8287701179852,23.84350282185145,1.74482431273112,0.000961242355761881,0.1749608989711573,14.031025370153491,9.983879899064641,4.087433240898624,0.9409201972100282,50.042849400218785,0.24189715531835973,0.47767465336166237,0.732619783070654,1.452191591750676,491.4640575749667
1308,1308,191,21.99074074074074,776.9870749338909,14.966485003654693,2.390590629609809,0.37565048964253483,435.3625187889287,17.462571742365,1.1956675936589312,0.0009069694099435747,0.11523015441212107,10.252584377088352,6.731510425618857,2.961373264769767,0.7029620356973821,49.053276579049985,0.18373941283640777,0.3765044134621268,0.5186679898363198,1.0789118161348543,483.3443789139026
1309,1309,192,22.10648148148148,776.2182909848891,21.48639840905404,3.328062230284087,0.5151003860831098,415.86408861466424,24.803909680311,1.8218918045168166,0.0008651308275102927,0.16968339433381194,14.03658589752444,10.800303711191654,4.2933913648387785,0.9440450311909468,49.46812264937164,0.24681095399470884,0.5001258313095619,0.7549951873323706,1.5019319726366414,485.52967172993266
1310,1310,193,22.22222222222222,781.2905360387479,15.016950264207047,2.311051818045987,0.3359929857874789,446.7793449413846,17.339171307120836,1.1645674713909386,0.0009712888554427595,0.11145176559220743,10.25571079272972,6.573144312915114,3.0158868462010653,0.626821600864148,50.169404189800545,0.17863425921679962,0.3431669524509965,0.5299146131084639,1.05171582477626,494.32707042714105
1311,1311,192,22.10648148148148,782.4544612610249,21.36304057006631,3.2456494388982216,0.5188546839029632,398.2520380372502,24.817679908527104,1.6102866581761333,0.0008164955423112198,0.15529576941305587,14.886949482071977,9.834123991004427,4.2383162998279955,0.9527350334708453,47.653053269165696,0.2634010153940859,0.49143362717047795,0.7618140699663575,1.5166487125309214,466.5054855986105
1312,1312,193,22.22222222222222,776.5404418466808,18.651955758220055,3.056674991937522,0.4615879567866918,438.5961535446954,21.738996496610056,1.6021854417301666,0.0009875951027508553,0.15465256420580661,12.970427751742504,8.336704849760071,3.7259176969941907,0.865140737127112,50.75637719874222,0.22635283829936748,0.44516797235391076,0.6633514145872399,1.334872225240518,498.52582985841036
1313,1313,197,22.685185185185183,781.6506840052192,19.365778049200006,3.1948187617949717,0.5018438312006862,434.0798464154969,22.69535845148425,1.5883146332760083,0.000982041083849206,0.16276262621664084,13.654327700733088,8.83079954883637,3.903136125362908,0.8736559297763443,50.570985153801466,0.22260825038277574,0.4557149326374883,0.6841939448358778,1.3625171278561419,496.5598135415851
1314,1314,198,22.800925925925924,778.6301597126877,17.180241076301485,2.847699115396866,0.43133046243546697,418.60781926212564,20.279704169819645,1.3201457931052678,0.0009709676660360833,0.1325703456985353,11.589832266237227,8.243477358366087,3.427047760757316,0.8132459016948743,48.20539827182003,0.1917319451397415,0.40028602209128933,0.5785837767844769,1.1706017440155079,474.4548539573827
1315,1315,191,21.99074074074074,779.4083703355666,14.791515623192915,2.267843549577695,0.341748088495153,415.36877815797857,16.97533576921036,1.2403803123179484,0.0008735960701257769,0.10944054519387002,10.268855177198594,6.735012092356124,2.933186862322525,0.6433609609175052,46.94785941859495,0.18026521145417454,0.35030856149254563,0.5460390065616746,1.0766127795083946,462.48408833714115
1316,1316,194,22.337962962962962,777.1687686360166,22.96211200051073,4.027788925992938,0.5487940799990112,372.87039209088056,27.19559893274717,1.7700779677026306,0.0008642228690724606,0.16472820021798157,15.617491570698581,11.642101626796686,4.64190145906536,1.0372608846400122,45.82061804256567,0.28461424551949477,0.5373959569781106,0.8695209784756305,1.6915311809732358,448.5531515723954
1317,1317,197,22.685185185185183,776.7446326278766,17.681018919505266,2.792129436764492,0.4073220991043953,421.5700081157068,20.435242229392173,1.4267774397239499,0.0008626098371306865,0.14718191492017482,12.147748686106713,8.274749243397036,3.4397601415604435,0.8421470723103563,48.62913854336519,0.19639124929789695,0.43468295281727076,0.6481034523490216,1.2791776544641893,478.2963768766864
1318,1318,194,22.337962962962962,781.776311591061,26.807375921840677,4.48956964661187,0.6797436510364296,412.1030162487984,31.545511866755014,2.070422116943626,0.0008349617280039623,0.21528882103671235,19.002099731664487,12.694126726656817,5.437547551189426,1.1751983845255167,51.12640889807775,0.3310983115538599,0.6449001006409495,0.9107402099230876,1.886738622117897,499.10537451924034
1319,1319,203,23.37962962962963,777.8094143348493,14.678866837538559,2.53514128441434,0.3846370856879968,469.94879068967043,17.342650078832683,1.2408885753997554,0.0010909584766153966,0.1296768646056317,10.601736255311721,6.474874266619518,2.935066718158591,0.7100020092989763,52.4538623662533,0.16549931349394714,0.3487605671505205,0.5343094710974319,1.0485693517418995,517.430254720445
1320,1320,188,21.64351851851852,777.7168811864735,22.301841274626568,3.404851220164125,0.4648807554266557,398.8375439196274,25.709370667126993,1.6802009609489725,0.0007990621587461626,0.15802851834548587,15.269115137724897,10.521218147489499,4.464776078035821,0.9295383830448704,48.05007615165433,0.2716675291939287,0.5605698149803453,0.809651053244628,1.641888397418902,470.1149373844141
1321,1321,199,22.916666666666664,781.6818799836519,13.282143818277698,2.2147875719394765,0.3241452217273455,462.2163434046706,15.493706549818064,1.1525868055356407,0.0009891449035639812,0.10868706265783105,9.338226481173981,5.968411490663603,2.6688032603089713,0.6026943590908647,51.13862331868993,0.15603521955381275,0.31943176231824616,0.48597840296208655,0.9614453848341455,504.9947440744278
1322,1322,198,22.800925925925924,781.1028359518572,21.403338483280958,3.3521275840784734,0.5252557401612099,417.17260050006035,24.832918665721248,1.7577542370541603,0.0009728943763865229,0.18571900013853,14.634702720902043,10.210547773245306,4.3085695719499375,0.9249151432612835,49.589404806213096,0.2503989455117125,0.5168948620672507,0.7427855641414455,1.5100793717204086,486.1847989650483
1323,1323,199,22.916666666666664,780.1145609664277,18.84038465951227,3.1935888406604973,0.48907445690904333,396.2825407213055,22.29888390118099,1.5538660738688175,0.0008467405418429586,0.14132765750941556,13.895568071149443,8.223350564079865,3.817503513562325,0.8636712461039892,46.62886461096756,0.2148742702008658,0.45157385778141507,0.6529376696524648,1.3193857976347458,457.02442417286926
1324,1324,192,22.10648148148148,776.7546420175155,22.51413889827225,3.499765959404227,0.5330483649858888,384.5454250466281,26.185914095299385,1.7039351460333803,0.0008032987123453186,0.16253082322664567,14.856020497178726,11.205497253389668,4.489527757296485,0.9955210255980639,46.724516243384784,0.2715613829929687,0.5525105307084156,0.7926282862991931,1.6167002000005775,457.45280786884695
1325,1325,200,23.032407407407405,779.0421076593997,10.215300357347806,1.6924472563497424,0.25435487448977684,435.9742351375685,11.985554455843973,0.8322006575298433,0.000992940503253379,0.08052285707178863,6.815612025197248,5.137436897986411,2.0366885464933167,0.47984458032360927,47.36990766935284,0.1182738668661303,0.23776919750254843,0.3543235812200791,0.7103666455887578,469.39994520709666
1326,1326,203,23.37962962962963,783.146947089435,17.06630729803446,2.7853982504518324,0.42028529767211814,444.18229956822205,19.857364058787926,1.4480714376741581,0.0009943447910348401,0.15138474282161238,11.931722773182425,7.732937031601291,3.406435679157455,0.7793154872863184,50.693199201779194,0.20469745713452456,0.4004189732743656,0.5542391717419037,1.1593556021507938,498.99014879865115
1327,1327,192,22.10648148148148,779.391822186378,16.667483012205558,2.767023604755361,0.3917821519908032,431.9641762502151,19.60108456458265,1.2644517321432769,0.0009684501643752844,0.12109405135591311,11.043740371544725,8.159735507027424,3.304334891244718,0.7896768577291958,49.34277106833499,0.19750858663350127,0.38945620137093473,0.5815000396289269,1.168464827633363,486.2002759010477
1328,1328,189,21.75925925925926,782.4225389287499,18.260440181275673,2.770814089589619,0.4190551433915162,431.9238397758131,21.192330375007405,1.3507271073931766,0.0009080080454853178,0.12081432217982709,12.409305438873458,8.339567740951185,3.622395765656928,0.8033025457180567,49.885892781879285,0.22975909888410762,0.4429812174150478,0.6659459709596932,1.3386862872588488,490.1428813422809
1329,1329,197,22.685185185185183,778.9629860782798,19.32749304994088,2.950361551161955,0.4651489730706312,407.47457230940944,22.32395511940131,1.537893597971562,0.0008639825616033966,0.1505239919313851,13.46719827502188,8.523908235045507,3.8838919110280794,0.8121625011223649,47.813469952699954,0.21562914842531897,0.4289489262027774,0.6802976969309009,1.3248757715589972,468.7756509942037
1330,1330,196,22.569444444444443,780.6005167098056,22.470159301731567,3.573856046143252,0.552764460531964,403.2968229989021,26.220647350142926,1.706013669176865,0.0008844270232035779,0.16166490784498777,15.346001365026359,10.192296088559065,4.509473610260705,0.982504091656406,48.60082411008572,0.26199266976368346,0.5553930519201298,0.795184514998719,1.612570236682532,475.27965718865556
1331,1331,194,22.337962962962962,783.4080085243658,16.949201362171454,2.6014897764411664,0.38424824692026316,426.6423982567587,19.578445579034835,1.3122732310886844,0.0009008182669662046,0.13624930581371464,11.205975516233824,7.837694863879078,3.400877266447316,0.7099287591252582,48.870411675970004,0.20221282066198373,0.390157730541405,0.6211012321433098,1.2134717833466986,480.76717924929414
1332,1332,188,21.64351851851852,781.5332848812857,24.337838366667356,3.8255491590110284,0.5653155656018901,418.8807363662933,28.29831598638085,1.8675559805229218,0.0008886169226248413,0.16709654441498276,15.97663962811286,12.319286069693701,4.878250228564306,1.0599901570540176,50.83224342888557,0.29053599247044637,0.572367775866599,0.8708706861210723,1.7337744544581177,497.9345974955851
1333,1333,204,23.49537037037037,780.3515297752001,14.893658775816387,2.238474952625041,0.3798586836023082,449.6660789328051,17.212664395083245,1.2736335399419156,0.0009705696408312315,0.12517336450749958,10.27927052596776,6.466310156228252,2.911542072535316,0.707434766204677,50.41192852533113,0.1655890957036736,0.3435522888014505,0.5120038146736141,1.0211451991787381,496.89694540816936
1334,1334,188,21.64351851851852,778.4347148174246,30.412101360428,4.914404961749249,0.6710540950963523,423.5568384890765,35.211081525008844,2.3671720161781677,0.0008283257418409285,0.22204301524082914,20.363721297924048,14.720254740858056,6.08449415515831,1.2956743537429738,53.50182257323158,0.3641942907174678,0.7316105394250201,1.100437834644897,2.196242664787385,521.6521897030665
1335,1335,198,22.800925925925924,779.4197000372582,22.373758848190768,3.5465103508389006,0.5650003099646123,450.91476841462503,25.9848517401256,1.9124219733231866,0.0009624002023397001,0.20719327831415485,15.023559277634007,10.561737738397316,4.423369724087635,1.0569876148740625,53.34161609883473,0.2656216298178326,0.5339077392631938,0.8138222478627682,1.6133516169437945,523.1609140098874
1336,1336,198,22.800925925925924,777.7882048125533,18.56216546145141,2.835703359048695,0.48127537145465527,425.1661843928685,21.495680850865764,1.5756312478983379,0.0009487125973860787,0.15910172425437857,12.712557120636186,8.679233971393543,3.641053832646885,0.8907297527629263,49.32065808963567,0.21866615887675767,0.4122843979257022,0.6297752577244177,1.2607258145268774,484.7484344917694
1337,1337,190,21.875,780.7016227960049,16.56053699900214,2.538837544404702,0.38336934408147466,439.4851990379422,19.05441255480483,1.3248123527032192,0.0008934458274622839,0.1262039323519421,11.26205063643472,8.114188790377847,3.292128285878759,0.7139740435123169,50.00652701897175,0.19976598862833048,0.3964751857259014,0.6033075707555983,1.1995487451098301,492.79410507599664
1338,1338,198,22.800925925925924,781.9783045837172,15.225375223976302,2.319552837226479,0.33785001759957445,421.8563377084457,17.461117247805415,1.2784620621927267,0.0008879231666827573,0.12097783597559762,10.384618024479634,6.882086331840243,2.96363518594493,0.713517187456744,47.74214901122906,0.1725561637176555,0.3601991293992861,0.5485336298684667,1.0812889229854084,470.24108848461583
1339,1339,199,22.916666666666664,783.1309678250303,14.085685438890604,2.3561639266168877,0.3471345871703164,463.38661464057884,16.529043924267178,1.1633433857407047,0.0010416022315717656,0.10716536044160781,9.467273255270362,6.695643925801066,2.7766667372604132,0.6938698467752067,51.54325650973557,0.1604434643364445,0.32013827745243184,0.5057513423111263,0.9863330841000026,509.12870645987437
1340,1340,192,22.10648148148148,778.8826887380524,24.204435855345224,3.850080475813762,0.5316697075123524,421.49334379726656,27.87877345927413,2.0648461937952534,0.0009024845084225658,0.19416527313886972,17.323029293136685,10.46118728386377,4.842859088777483,1.0503527011113172,51.03662692588056,0.2817324466780425,0.5953419938017281,0.8612200162795771,1.7382944567593477,498.3109107771664
1341,1341,196,22.569444444444443,783.1053185626838,21.17136216541752,3.174946854938036,0.46255640204794723,439.02350929761917,24.2645365282263,1.7058834725993095,0.0009290958086303051,0.17243915502216178,13.756398926998834,10.413803746431032,4.175400627992273,0.9396439135546004,51.632682217125144,0.25297715593500536,0.48489482562624264,0.7716750768466136,1.5095470584078616,507.0145583180649
1342,1342,194,22.337962962962962,778.8130052151612,16.671303908218587,2.6393083228188456,0.4256092317194333,418.8778905430136,19.405312756161752,1.4034351872252502,0.0008955991942261283,0.14686622572564864,11.224762098008148,7.745705447635471,3.300231679774297,0.7883316544429249,48.03036031284103,0.19645712196517648,0.3930435187226262,0.5828555214351651,1.1723561621229677,472.57724671805306
1343,1343,193,22.22222222222222,778.6876701686961,20.982563386976658,3.1466927121290906,0.46300332485891726,422.111042575255,24.187254787221118,1.5864533519669852,0.0008749767153966608,0.1396944958408832,13.78149102373715,10.203649211188752,4.101165535044675,0.965126721315692,49.85970696100402,0.24639129505960233,0.5115133402587139,0.7089259962589244,1.4668306315772406,489.35435171009044
1344,1344,200,23.032407407407405,779.7575087676416,27.151526161541458,4.443257954423542,0.6484877195360236,414.43905393044366,31.714784421212656,2.311971211400664,0.0008455363145847387,0.2149324873127899,18.678440908256547,12.277273043964712,5.368392955880501,1.2976110127023472,51.4662226187357,0.3111325263551697,0.644117694304939,0.9876608125348211,1.94291103319493,501.8110474679279
1345,1345,193,22.22222222222222,777.2481681732352,26.852496761281092,4.307782136474423,0.6461966592291493,384.7996953137234,31.328733448760527,2.1059416045345247,0.000854861591859319,0.2030259514037438,18.405005342976175,12.317147609898036,5.362300382521861,1.2105359264134004,48.3678681879297,0.3216836226200182,0.6659101236356739,0.920929500695795,1.908523246951487,471.0432339027835
1346,1346,193,22.22222222222222,778.4449861289569,16.48347554096033,2.667834498168378,0.4093562618207721,445.64615076033294,19.242109093642746,1.2956341876215016,0.0008841780041078962,0.12264292283265363,11.426994114575184,7.483157603053398,3.317930920785484,0.7215464654014946,50.64245471141366,0.19944859681848479,0.39482052209489943,0.5875935935028368,1.1818627124162209,498.5725851450401
1347,1347,190,21.875,777.3077816269304,16.314980837992188,2.4965662044190595,0.36097836148060647,455.0255021991124,18.76802420349581,1.249264182051323,0.000975823190089008,0.12615147325121953,10.763913880842209,7.9489319277554475,3.228819662362896,0.7139611475902832,51.46171831673818,0.19253377193516874,0.37468560011747887,0.5991115463550505,1.1663309184076982,507.4004869411091
1348,1348,192,22.10648148148148,781.0104560058624,17.928023669061893,2.7903196408534225,0.4126504216747597,462.0344887213488,20.8261259556291,1.370079742207817,0.0009594456686539323,0.12879513798721218,12.015521208262912,8.429781163904389,3.567254709744673,0.7952586996382661,52.788218866825844,0.2182080730768822,0.4365271335158681,0.6466412128067323,1.3013764193994826,519.5851137271183
1349,1349,196,22.569444444444443,782.6058990528593,20.438130661501173,3.4368968183851374,0.4897937990950987,393.0455011134163,24.032370701428206,1.665809173687273,0.0009297675545591176,0.17863150648093745,14.017069058533822,9.432304612004623,4.159209917271856,0.9005263553163846,46.888814583510836,0.25287603663675373,0.4749858394051523,0.7288506495061143,1.4567125255480202,459.2368169516896
1350,1350,190,21.875,782.2856987989634,14.897671116709564,2.1863430424021244,0.32409207987059474,445.7627928882498,17.03541791228174,1.1828489649037945,0.0009020700265873775,0.11910983969579876,9.607364209481103,7.345375193084965,2.9326640938797865,0.6449038974870419,49.98159586319737,0.17345785055050408,0.32797807220342734,0.5227503540175904,1.024186276771522,493.45630737536334
1351,1351,196,22.569444444444443,782.0516160449487,18.801808738330813,2.9132617777030205,0.41707830302898424,394.5922774541462,21.73844141577556,1.4318800997798273,0.0008620624405798665,0.1417926018263523,12.384958800374665,8.843097874253885,3.689510762717179,0.8607916785283346,46.315666785530716,0.22460846586400887,0.4244309357442896,0.6417355227477511,1.2907749243560496,454.7215776928869
1352,1352,198,22.800925925925924,781.4084055309955,22.60106204033955,3.6586517484432513,0.5669091881278967,422.7586371086692,26.353491410477606,1.8549332304723776,0.0009083749519923514,0.19207175258749964,15.279645291750713,10.846198132078465,4.4591878517002845,1.0817515447181583,50.61031901587218,0.272505271634337,0.5251753642275088,0.8187124082377444,1.6163930440995902,495.9901954266658
1353,1353,195,22.453703703703702,776.7989395647062,14.672463958768255,2.2080006450887346,0.3328166910753033,459.26464732004575,17.029878402754896,1.1009359204666058,0.0009670132746732274,0.10834008972282579,10.34571785811648,6.347549980182136,2.8854975357581916,0.6694030242847061,51.299746031236154,0.17489019448759235,0.36010665423133736,0.5290466158624648,1.0640434645813945,505.68454404600345
1354,1354,197,22.685185185185183,776.8989775013631,21.09573498921602,3.382251316703494,0.535782466184026,386.0290273300651,24.662074913956978,1.7149001365408507,0.0008544327714005901,0.1571668752139038,15.146236669500091,9.407926586255567,4.252143442022011,0.929136800994674,46.38784839384027,0.2539622622919016,0.5014856679180589,0.7418003088672009,1.4972482390771615,453.6642475290013
1355,1355,196,22.569444444444443,778.2243511276635,23.56586163602896,3.9905191042750845,0.5921283251367443,439.63353637405294,27.80066940556839,1.9002244953321683,0.0009836555049492295,0.19603016961256545,15.43635555408124,11.769839386958978,4.811766296799829,1.0392288295429184,52.717864700903355,0.2842430008871539,0.5708075449520958,0.8023124043195484,1.657362950158798,516.9581506289725
1356,1356,187,21.527777777777775,778.6543907913489,19.854244149674066,3.031197875096461,0.44728203293975455,412.11401899657204,22.863629418423926,1.549300400974519,0.0008057130192803342,0.15031312516598316,12.6628414738891,9.916347307386673,4.004423158433087,0.8081992457528916,48.47696170485591,0.2296498516864003,0.464199641763511,0.7228565248692517,1.416706018319163,476.15646744175797
1357,1357,193,22.22222222222222,780.1189064910823,10.384460010889471,1.7456547313962796,0.2489194255936865,449.514496155483,12.183142620639504,0.8189589390653191,0.0009077356054714674,0.07819912970637762,6.9912587973665765,5.240058595959831,2.0659910006538325,0.48642374650494613,48.79182486990398,0.1283568961452565,0.25135966175733915,0.3763880060608662,0.7561045639634618,483.5233166554613
1358,1358,196,22.569444444444443,779.4909331557486,13.558445431602266,2.1880638214390418,0.3137399838547952,475.059103305414,15.711752852177854,1.0925175605643764,0.0009749037457769936,0.10345791753497496,9.107996761783495,6.29556644932303,2.71203612652769,0.5894696199247932,52.48639460825592,0.1594308845159951,0.32098941328512315,0.49877360553769884,0.9791939033388171,518.6043218754475
1359,1359,196,22.569444444444443,776.7865615160232,27.379795470186597,4.449179326691196,0.7108523577041234,411.97972738918463,32.15448521504586,2.218460613813186,0.0008990486417701866,0.21362829552002036,19.05187945433329,12.664846863459939,5.486864099452669,1.259460979545541,51.330300030088125,0.33646636798790264,0.6475492418483266,0.9796894360813123,1.9637050459175416,500.48190470516306
1360,1360,196,22.569444444444443,782.9965048513574,15.499290321632857,2.3280463453862197,0.3277118177049552,452.0389857569476,17.901036926166544,1.13368375067606,0.0009714156899578156,0.11218284577167925,10.70918055708571,6.7765889254401435,3.041329728286756,0.6966819174185215,50.853223010302266,0.18170120015404337,0.366254447443893,0.5471466455503609,1.0951022931482972,500.95161204426967
1361,1361,199,22.916666666666664,781.9187933407112,11.6128904525064,1.8874735151763136,0.267023637128839,454.5499449652824,13.5274819924664,0.9176162474324694,0.0010045100471575542,0.09466913163687879,7.737539259423204,5.668333777740097,2.310318342748133,0.5242882117643342,49.72099333166425,0.13673346363452568,0.27847443417300527,0.403286754837616,0.818494652645147,492.17953943657454
1362,1362,198,22.800925925925924,779.1782164805418,25.179816545340188,4.131329500583383,0.572350141047712,400.2410827085654,29.37118331802027,1.9712351445762868,0.0009381440595794509,0.19422573468751675,17.828734840640596,11.595832963420584,5.087430793743352,1.0779947443844826,49.29407673836583,0.29023331071275627,0.5835130566151058,0.9037120413007153,1.7774584086285774,481.2008781470573
1363,1363,196,22.569444444444443,783.473594841406,20.12598432809117,3.07811776364402,0.4619753734121726,432.48475080555494,23.3293728315599,1.5040448790863152,0.0009336475033509721,0.15288410352617596,13.19572395534554,9.8913090647257,3.9762309134594513,0.9018609541083096,50.593627670689834,0.2420653087089318,0.45573278007600554,0.6793603650255767,1.3771584538105142,497.28462311848205
1364,1364,196,22.569444444444443,779.9379934009488,25.597503860260257,4.299637401167136,0.6060200546970961,403.21709710488096,30.11187343393651,1.9640821378837467,0.000870137484388009,0.1794372722930601,17.406762091483774,11.933617412954959,5.159961909015794,1.1385290845755962,49.795281743260894,0.29117975486401854,0.6182900567308758,0.955168531300206,1.8646383428951,486.07326815204465
1365,1365,193,22.22222222222222,781.8479607939963,18.827645143981375,2.9297804277615356,0.405885456771567,433.7574508476072,21.7168275303791,1.4430327974619193,0.0009734048805665043,0.14447670323026893,12.536765755563483,9.114836908762449,3.717418369223869,0.8362795698032223,50.24086680428766,0.20744780730434062,0.442039902294732,0.6494797634363957,1.2989674730354683,494.19357463289845
1366,1366,199,22.916666666666664,777.8330203733693,14.396365163806113,2.2150300099618616,0.29792197381123275,420.48590084818085,16.513072826107905,1.2097957901728669,0.0010057881479528623,0.11153689680672794,10.309017815164546,5.999702263675454,2.8254570887036525,0.6599002132061057,47.307891481194495,0.16927010936280304,0.3462193035273154,0.4975638540372813,1.0130532669273997,465.7287421295082
1367,1367,197,22.685185185185183,779.4503523989093,20.305983506847056,3.1468941585685295,0.48185464718750226,408.16042557150024,23.48276682559952,1.6533638005573963,0.000878843718077868,0.16901563442697215,13.79162125004244,9.31049953557705,4.04052560972324,0.9097442614368473,48.27348725111033,0.24737663386589256,0.4943967075639941,0.7023977861928625,1.4441711276227491,473.1061235227652
1368,1368,195,22.453703703703702,777.2420083898373,20.27999688757756,3.122753630828935,0.470404636537402,441.2265440954004,23.395085561975485,1.6749128801734965,0.000943997643272179,0.16291657429168055,13.278330275869324,9.857868393250317,3.9998311247428857,0.9313141263941113,51.54076754409418,0.236931580966749,0.47376082553393195,0.6801203045883498,1.3908127110890307,506.5133846199046
1369,1369,191,21.99074074074074,781.7766682417823,18.790821448400212,2.9333392873508197,0.4165367458013278,415.28555783150273,21.694868849253705,1.5256160021820222,0.0008426822001639036,0.14205534992513721,12.706992857013166,9.077843174438373,3.746603847804916,0.8226967970228405,48.43134427530918,0.22409576298962924,0.4682765559266141,0.6846146583296155,1.376986977245859,475.8137689931281
1370,1370,197,22.685185185185183,783.5795404904558,21.3368908515838,3.2518821039058055,0.5133548448374388,421.95471721283224,24.706716246694356,1.7258339758566164,0.0009313251325685811,0.16832320197171746,14.456549862764353,10.056680465622103,4.221958340023684,0.9628263276925523,50.00772727683737,0.24281754688514542,0.500685350081511,0.7528055960016082,1.4963084929682648,490.3964233891211
1371,1371,192,22.10648148148148,783.5002160404766,19.00511382954601,3.114513155981127,0.4572064964248784,443.4617049351366,22.371410947705854,1.4189970867350947,0.0010011283896296187,0.12979500829560298,12.700861253199367,9.513095374482926,3.810392208557788,0.8551206006599296,51.371088202883804,0.22941791792895455,0.4643285159957021,0.6968399818263448,1.3905864157510015,505.5289371876665
1372,1372,192,22.10648148148148,778.9177502211533,19.210788024646654,3.195806889107432,0.4887245172251213,396.3763141729898,22.576742295803193,1.5353937904417676,0.0008324020287365046,0.15718809432462336,13.259907069908367,9.490640414855582,3.872863205366214,0.8745863163195761,46.76907449446861,0.23042595904053656,0.47243114413308496,0.6999148756723512,1.4027719788459727,459.18265210195466
1373,1373,196,22.569444444444443,777.7323092937534,20.843041020078385,3.181903033580565,0.45285023503429883,428.74152154358586,23.92936022875236,1.6592358808752186,0.0009079801756502954,0.16540689948064505,14.364869451241537,9.410521981051811,4.1261649325556675,0.905628185297926,50.47289121646397,0.2530029894488825,0.5009384997066418,0.7086095479473251,1.4625510371028494,494.87909295757123
1374,1374,193,22.22222222222222,777.565760603528,23.72286586402926,3.6987391619790295,0.5501857843052073,424.2232806318805,27.35576394961303,1.9523393272414142,0.0008368575188773136,0.18421664318164904,16.44371589844064,10.92341395448913,4.693172223882826,1.0726393034112656,51.11726583679055,0.2789981101464287,0.5931935148379142,0.8152012838201447,1.6873929088044877,500.06484661033676
1375,1375,193,22.22222222222222,778.8612371674014,25.191765779346394,3.7479248299487335,0.5298963859400606,400.6771518279236,29.004385145378894,1.8183115185210412,0.0008252546897141862,0.16864337636199184,16.894062473789322,10.897039060541948,4.994665022466673,1.0702549788409528,49.237012092164576,0.3037858412885265,0.596979318398972,0.8725691740396145,1.773334333727113,479.8741975136871
1376,1376,201,23.148148148148145,780.0693490884311,20.65250121184535,3.071606391566693,0.4445270531208977,401.2680114348099,23.576588079608108,1.7256497888057993,0.0009181479487415209,0.16877504653234096,13.521199771737411,9.733332933179607,3.9614524230652775,0.9890027657088756,47.61790405539043,0.2394929730158297,0.4627394873772946,0.7383663333970432,1.4405987937901674,467.03296406998186
1377,1377,193,22.22222222222222,778.699064775554,22.771185248727612,3.385913358811275,0.49095478237287765,414.3003210306168,26.254763079844377,1.6376590112211902,0.0008988292032367587,0.16156092608986022,15.397227103940638,10.399265437202947,4.493355178304073,0.9840215190101644,49.70083375329902,0.2569582729284071,0.5039301477093795,0.8036765128481064,1.5645649334858929,486.4444633348902
1378,1378,193,22.22222222222222,783.5415869048046,23.646537434205737,3.4056652168511725,0.5481458474242217,420.3757510352243,27.019564344829885,1.8970049963235518,0.0009264104981112328,0.17900458363378643,15.608236366812383,11.255311278932258,4.553633930530311,1.1227229791020756,50.62813992494885,0.2789261975064274,0.5589351006598778,0.8274543635714087,1.6653156617377138,495.6695837192932
1379,1379,198,22.800925925925924,782.1532761385063,18.13851347771958,2.7711369692898997,0.43064963943307666,435.8523318220025,20.9721281146297,1.4142179357706133,0.0009154714621888602,0.14416841323475074,12.349012941394635,8.12715059666353,3.5241974648779735,0.8694738244316454,50.224853918073364,0.20622992851494648,0.4464418553385554,0.6567163943026744,1.3093881781561763,493.55427190767165
1380,1380,195,22.453703703703702,779.9858827210141,20.09636148558848,3.35745241686886,0.5296250230397865,412.09487606650214,23.691879107118517,1.565750717416498,0.0009070162658971571,0.1596844696336404,13.900151485292188,9.188746196559537,4.072248715778375,0.8874334102987591,48.65684146165222,0.24419672148639196,0.49441012596965933,0.7099858203197638,1.4485926677758152,477.09355729284624
1381,1381,193,22.22222222222222,781.7910553565946,20.69874993589969,3.2869496928607784,0.5075473483779541,418.6437765564091,24.103129460275426,1.679516329310714,0.0008979955203005459,0.1714250084102597,13.842715324845782,10.084576520971869,4.159034020780767,0.9081840061649058,49.506797466186214,0.24644562279928556,0.5086320053154508,0.7762156749448511,1.5312933030595874,485.7750801780414
1382,1382,194,22.337962962962962,781.5700866959617,23.10462391783474,3.6014174213055408,0.5353575868520156,438.72971652121703,26.717409745877,1.8701501455560459,0.0009558286453183691,0.17717118547677232,15.92441297928924,10.92398277912957,4.5302331670528915,1.0746323065011227,52.33425384311667,0.2715529426919678,0.5502006419823857,0.8326534627725419,1.6544070474468955,512.920057652895
1383,1383,194,22.337962962962962,780.1032568205852,20.927476632039753,3.1977014262199215,0.4300644906676111,430.8216609905653,24.040361956946654,1.611930685388368,0.000986271758734034,0.1525676042877636,13.734289279209651,10.10055514279046,4.1295902495702705,0.9149109380540559,50.70158496336252,0.23586250505121642,0.48064837356916534,0.7446103743423036,1.4611212529626854,497.7889276412516
1384,1384,190,21.875,781.8778486127009,13.369545978453905,2.218011518751207,0.296287309134951,412.8512471928479,15.61737555390688,1.0254461133003647,0.0009118835671746554,0.10088351574948157,8.822713575726066,6.602901951233213,2.7071627431382708,0.5703521085952641,46.213705289732054,0.15856435787879572,0.32742085227986095,0.465866671260541,0.9518518814191976,456.3119777500978
1385,1385,196,22.569444444444443,782.2728494761748,20.611106739531994,3.0582215342154764,0.44711388616232056,437.8771192958716,23.523764654589783,1.712004085014835,0.0010240870276457307,0.1662574211901153,13.508994378557176,9.558549564621481,4.02400163774145,0.9371800895669903,51.30503317181763,0.23985509895980425,0.5066702455681378,0.7535620523472706,1.5000873968752126,503.4164303924089
1386,1386,191,21.99074074074074,779.8859252941498,17.70046910131788,2.510144171590282,0.3774859456904556,430.58914227637604,20.03152585687413,1.4332877595593347,0.0009483451293456389,0.13263414878363092,11.59456304779849,8.325296666415174,3.4188764672157808,0.7911180071240738,49.44372820403232,0.2089639607147735,0.4048609004376418,0.6127587507356504,1.2265836118880658,486.53751235796415
1387,1387,201,23.148148148148145,782.5663385150153,23.694632962579618,3.661674921598239,0.5507137032793071,441.5960591677159,27.274518115094143,2.0706941919803894,0.0009660006940283716,0.2084305651830188,16.53703445858271,10.854933848319229,4.666939141397877,1.0875496913788436,52.808948940083155,0.2638335312311178,0.5521428523560258,0.7761172354336818,1.5920936190208255,517.2592059282415
1388,1388,192,22.10648148148148,777.6468542855333,19.67903804611152,3.0779831990027624,0.45232816007902166,425.68015152405474,22.742302298992918,1.573643021710187,0.00096659363824404,0.14409377271017162,13.043809629218,9.378532283089076,3.933476125297739,0.8520770454487074,49.78569877938115,0.2420219595335235,0.474164677759256,0.690560791852884,1.4067474291456636,488.9213394992807
1389,1389,194,22.337962962962962,777.2636735102534,12.983949601731792,2.264112336020206,0.3369577874623995,473.02925572426363,15.33961389167617,1.1067739550176412,0.001021837457229925,0.10707364787423285,9.104778310907935,6.087233579618872,2.649874600832597,0.5827574458465694,52.14763396414246,0.15611473647735163,0.3086267545386282,0.48580816008627503,0.9505496511022549,515.4391740589036
1390,1390,198,22.800925925925924,778.1024607664172,14.176200644725714,2.2276934605909697,0.32836483103414443,417.4927653953464,16.335852735620634,1.197010622040355,0.0008857873765979084,0.11798426567782402,9.64346351195538,6.682458402517304,2.8078148266171232,0.639080427300254,46.946764292553794,0.171022025092636,0.3421470781713116,0.4958382744002773,1.0090073776642248,463.0151187765115
1391,1391,190,21.875,776.3567937603333,22.238804404703302,3.408383562316949,0.48436310846836317,412.49431375494396,25.469341594832454,1.8001617828665242,0.0008543354251244549,0.1701684232097233,15.034084083266798,10.751536471664012,4.4117613828254365,0.9479129253953018,49.359841784579594,0.27223959405169895,0.5386943190173283,0.7855983911556029,1.5965323042246302,483.7741340508757
1392,1392,200,23.032407407407405,781.659882583435,22.42553208363811,3.701721136784696,0.5167913273053051,419.119452876775,26.250065824085716,1.8172877677369967,0.000964130947344117,0.18058287717330493,15.01420371074984,10.55090324321036,4.450904889722912,1.0642557683119738,50.18598256286672,0.2560409185523769,0.5361409278983063,0.7724345438236354,1.5646163902743186,491.6430783159661
1393,1393,204,23.49537037037037,777.6744947882472,26.602274329787804,4.524923791626354,0.6330470114682827,419.1607588303675,31.16736762466187,2.2242829551732837,0.0009557331071003275,0.22283350972385368,18.3803196013711,12.083968038447816,5.2892200685795245,1.268188313646955,51.74538994476685,0.2912594062185,0.6095937900646642,0.9527172477315123,1.8535704440146765,505.0313906506051
1394,1394,199,22.916666666666664,779.1323987006692,27.45173145697686,4.2350006268238545,0.6199643253797928,405.66657819096736,31.703412612829336,2.2988233351994904,0.0009024167647595683,0.2133996911715008,17.70090331629192,13.395566714529195,5.392806364936316,1.2683694669696521,50.617923358307486,0.33638202003442863,0.6372324492680509,0.9806781416281063,1.9542926109305858,494.2008478134786
1395,1395,201,23.148148148148145,780.2976629954402,20.24736139635771,3.589816119314626,0.5344312361972064,436.40694675029124,23.941558458846323,1.744569846952365,0.000991831438849515,0.18090807553282595,14.863566253942647,8.943553948118792,4.114165669980668,0.9271608530976496,51.19079273508655,0.24964042642453743,0.4736342920685307,0.743499212850385,1.4667739313434531,502.0982381174717
1396,1396,198,22.800925925925924,779.7196672254017,24.035582566086923,3.9103016108905226,0.5558783893743504,445.02805661017385,27.800657954467336,2.075969288773817,0.0009847139911473948,0.22253141134277876,15.736809635628084,11.623235650707512,4.779299617410593,1.0995943871244125,53.34251827350338,0.26043169780731223,0.5944686320675638,0.8337674014654216,1.6886677313402978,522.8207599316836
1397,1397,191,21.99074074074074,780.0385997432231,28.8821167687139,4.548989643261689,0.7061541482999114,433.23465936481074,33.635792822736626,2.2338911286710563,0.0008972672919385744,0.22845736198519204,19.69001885097499,13.67496763173316,5.80491483100962,1.2465660438665023,53.940577043531206,0.3514736584970871,0.6786615420565751,1.022648300363333,2.0527835009169952,526.2501905132973
1398,1398,192,22.10648148148148,780.0738433794473,20.047705548801833,2.978417088959217,0.45500010265088847,431.09407664229116,23.197379059909338,1.5081497655284488,0.0009177192880171855,0.14854396087202,13.32656733758001,9.812281542548766,3.996467152816587,0.8677849830740197,50.4454839817474,0.23590651619705666,0.4489269558728056,0.7304805483770925,1.4153140204469548,495.5220375871873
1399,1399,193,22.22222222222222,779.7705680075256,12.384785311420202,2.0573328200941936,0.28043816068636185,437.9165307140741,14.44770848582949,0.9803157352769547,0.0008762714060471285,0.09885753215166203,8.30606580086458,5.910669497189504,2.487773909284712,0.5413128554032924,48.34633591986776,0.14831945881384084,0.2964550760516798,0.42527865492336275,0.8700531897888835,477.9766544826055
