Protein_fraction,Heteroploycondensate(HPC)_fraction,Polysaccharides_fraction,Lipids_fraction,Pigments_fraction,V-Phenol_fraction,S-Phenol_fraction,C-Phenol_fraction
0.05412,0.8203919999999999,0.05412,0.05412,0.01078,0.0010779999999999978,0.002156,0.003234
0.04530424924065439,0.8409848638108054,0.05093707863160012,0.04866180831694017,0.00882,0.000882,0.0017640000000000004,0.002646
0.0451147405061778,0.8517247083919471,0.04428,0.044768551101875075,0.008820000000000001,0.000882,0.0017640000000000021,0.002646000000000002
0.04671793211762188,0.8414671454723454,0.048981221476511835,0.048267674098124484,0.009274026835396321,0.000882,0.0017640000000000002,0.0026460000000000003
0.04428000000000001,0.8530480000000001,0.04428,0.04428,0.00882,0.0008820000000000149,0.0017640000000000156,0.002646
0.04428,0.8454528704996522,0.049527176656362776,0.04662795284398505,0.00882,0.0008820000000000002,0.0017640000000000002,0.0026460000000000003
0.04428000000000001,0.853048,0.044280000000000014,0.04428,0.008820000000000001,0.0008820000000000073,0.0017640000000000064,0.002646
0.053012187691407225,0.8246131088227295,0.0512086056235384,0.05391809786232485,0.01078,0.001078,0.002155999999999999,0.0032339999999999986
0.05412,0.8203919999999999,0.054119999999999994,0.05412,0.01078,0.0010779999999999965,0.002155999999999998,0.003234
0.05412,0.8203919999999999,0.05411999999999999,0.05412,0.01078,0.001078,0.002156,0.0032339999999999925
0.04428,0.853048,0.04428000000000001,0.04428,0.00882,0.0008820000000000008,0.001764,0.002646
0.04428,0.8511730313477082,0.04615496865229193,0.04428,0.00882,0.000882,0.001764,0.002646
0.053585373195868785,0.8317332130842939,0.04674567064099301,0.051535415078468975,0.009996517722721199,0.001078,0.002156,0.0031698102776541214
0.0491276882102508,0.8418017833530236,0.047273633930781704,0.047679322894011764,0.008825571611932214,0.000882,0.0017640000000000008,0.002646
0.04428000000000001,0.8530479999999998,0.04428,0.04428,0.00882,0.0008820000000000075,0.001764,0.0026460000000000043
0.05412,0.8203919999999999,0.05412,0.05412,0.01078,0.001078,0.0021559999999999986,0.003233999999999998
0.05412,0.8203919999999999,0.05412,0.05412,0.010779999999999996,0.001078,0.002156,0.0032339999999999964
0.05412,0.820392,0.05412,0.05412,0.010779999999999996,0.001078,0.002156,0.0032339999999999973
0.05412,0.820392,0.05412,0.05412,0.010779999999999998,0.0010779999999999987,0.0021559999999999986,0.003233999999999999
0.04428,0.8530480000000001,0.04428,0.04428,0.00882,0.0008820000000000021,0.0017640000000000077,0.002646
0.05412,0.820392,0.05412,0.05411999999999999,0.01078,0.001078,0.002156,0.003234
0.04527199970635156,0.8486081039178988,0.04620564994816466,0.04580224642758506,0.00882,0.0008820000000000006,0.001764,0.0026460000000000008
0.04947794275520949,0.8400331058607714,0.04601339018239679,0.04722756120162224,0.01078,0.0010779999999999995,0.002156,0.003234
0.05102079328490981,0.8443844170425422,0.04523000272023657,0.04525278695231137,0.00882,0.000882,0.001764,0.002646
0.05412,0.820392,0.05412,0.05412,0.01078,0.001077999999999999,0.002155999999999997,0.0032339999999999964
0.05412,0.820392,0.05411999999999998,0.054119999999999994,0.010779999999999991,0.001078,0.002156,0.003234
0.04428,0.853048,0.04428,0.04428,0.008820000000000001,0.000882,0.001764,0.002646
0.05412,0.8203920000000001,0.05412,0.05412,0.01078,0.001078,0.002155999999999992,0.0032339999999999977
0.05412,0.8203919999999999,0.05412,0.054119999999999994,0.010779999999999994,0.001078,0.0021559999999999895,0.003234
0.04428,0.853048,0.044280000000000014,0.04428,0.008820000000000005,0.0008820000000000013,0.001764,0.002646
0.04428,0.8530480000000001,0.04428,0.04428,0.00882,0.0008820000000000002,0.001764,0.0026460000000000008
0.04428,0.8516914941532439,0.045021012579932886,0.044895493266823266,0.00882,0.0008820000000000015,0.0017640000000000012,0.0026460000000000008
0.04428,0.8530479999999999,0.04428,0.04428000000000001,0.008820000000000005,0.000882,0.0017640000000000138,0.0026460000000000186
0.04706656421934287,0.8445664283752842,0.04717070882989516,0.04708429857547785,0.00882,0.0008820000000000002,0.0017640000000000002,0.002646
0.04428,0.8530479999999999,0.04428,0.04428,0.00882,0.0008820000000000051,0.001764000000000008,0.0026460000000000047
0.054119999999999994,0.820392,0.05411999999999999,0.05412,0.010779999999999998,0.0010779999999999943,0.0021559999999999978,0.003234
0.04962391615872422,0.8343682903027069,0.04744435367739201,0.0513154398611768,0.01078,0.001078,0.002156,0.003234
0.04428,0.853048,0.04428,0.04428,0.00882,0.000882,0.001764,0.0026460000000000064
0.04863049492523023,0.8379765211576966,0.05074972022316027,0.04853126369391281,0.00882,0.000882,0.001764,0.002646
0.04951628947878702,0.8454634527778752,0.045302427531618325,0.04560583021171961,0.00882,0.000882,0.0017640000000000017,0.0026460000000000008
0.05412,0.820392,0.05412,0.05412,0.01078,0.0010779999999999926,0.002156,0.003234
0.052473575381421014,0.8272696934876579,0.05235547686417535,0.0506532542667458,0.01078,0.001078,0.002156,0.003233999999999999
0.04667859819604604,0.8468857835017889,0.046502666270395766,0.04582095203176933,0.00882,0.0008820000000000004,0.001764,0.002646
0.05267712773819663,0.8224887218116799,0.05412,0.05346615045012347,0.01078,0.0010779999999999997,0.0021559999999999995,0.003234
0.04428,0.853048,0.04428,0.04428,0.00882000000000003,0.0008820000000000157,0.001764000000000003,0.0026460000000000025
0.050510671347862676,0.8339628168874725,0.0475459188675103,0.051142786583615776,0.010369806313538694,0.001078,0.002156,0.003234
0.05412,0.820392,0.05412,0.05412,0.010779999999999988,0.001078,0.002156,0.003233999999999992
0.04428000000000001,0.853048,0.04428,0.04428,0.00882,0.000882,0.0017640000000000025,0.002646000000000002
0.05411999999999999,0.820392,0.05411999999999999,0.05411999999999998,0.01078,0.0010779999999999987,0.002155999999999998,0.003234
0.05412,0.8212508888857922,0.0532611111142077,0.05412,0.01078,0.001078,0.002155999999999998,0.0032339999999999995
0.04428,0.8530480000000001,0.04428000000000001,0.04428,0.008820000000000001,0.0008820000000000002,0.001764,0.0026460000000000025
0.05256462508746039,0.8238426822565744,0.052541999325283244,0.05380269333068198,0.01078,0.001078,0.0021559999999999973,0.0032339999999999977
0.053019461908010615,0.8260921003397319,0.05216080665569982,0.05147963109655762,0.01078,0.001078,0.0021559999999999995,0.0032339999999999995
0.05412,0.820392,0.054119999999999994,0.05412,0.01078,0.001078,0.002156,0.00323399999999999
0.04428000000000001,0.8530480000000001,0.04428,0.04428,0.008820000000000005,0.000882,0.0017640000000000006,0.002646
0.05079790213318624,0.8248856044929412,0.05294849337387242,0.05412,0.01078,0.001078,0.002156,0.003234
0.04428,0.8530480000000001,0.04428,0.04428,0.00882,0.000882,0.001764,0.002646
0.04991168310729347,0.8354971437532638,0.04754644585981618,0.05201295580848501,0.009192298509268051,0.000882,0.0018875578803682408,0.0030699150815053002
0.05412,0.820392,0.05412,0.05412,0.01078,0.001078,0.0021559999999999995,0.003234
0.05412,0.8203919999999999,0.05412,0.05412,0.01078,0.001078,0.002156,0.003233999999999997
0.04428,0.853048,0.044280000000000014,0.04428,0.00882000000000002,0.0008820000000000125,0.001764,0.002646
0.05174669066961559,0.8259709132304702,0.05313524630752576,0.051899149792388445,0.01078,0.0010779999999999995,0.002155999999999999,0.003233999999999999
0.04428,0.853048,0.04428,0.04428,0.008820000000000001,0.000882,0.00176400000000001,0.002646
0.045624642261461984,0.8413885580403897,0.04851633646439757,0.050358463233750886,0.00882,0.000882,0.0017640000000000002,0.0026460000000000008
0.04428,0.8530480000000001,0.04428,0.04428,0.00882,0.000882,0.001764,0.002646
0.046191193264867196,0.8471755788583745,0.04428,0.04824122787675847,0.008820000000000001,0.000882,0.001764,0.002646000000000002
0.045771888728914994,0.844899850228169,0.04750467294391694,0.04771158809899894,0.00882,0.0008820000000000013,0.0017640000000000012,0.002646
0.05371643916238584,0.8219830718537233,0.05293248898389085,0.05412,0.01078,0.0010779999999999987,0.002156,0.003234
0.04428,0.8530479999999998,0.04428,0.04428,0.00882,0.000882,0.0017640000000000006,0.0026460000000000003
0.049602777953780194,0.8315402583109167,0.049688361301679564,0.051920602433623536,0.01078,0.001078,0.002156,0.0032339999999999995
0.05047347068027274,0.8267498443523982,0.05141786038629868,0.054110824581030434,0.01078,0.001078,0.002156,0.0032339999999999995
0.046305881730700445,0.8336585399855426,0.05010626457765889,0.05268131370609804,0.01078,0.001078,0.002156,0.003234
0.05412,0.820392,0.05412,0.05412,0.01078,0.001078,0.0021559999999999956,0.003234
0.044280000000000014,0.8530480000000001,0.04428,0.04428,0.00882,0.000882,0.001764,0.002646
0.05412,0.820392,0.05412,0.05412,0.01078,0.0010779999999999993,0.0021559999999999978,0.003233999999999995
0.05412,0.820392,0.05412,0.05412,0.010779999999999998,0.001078,0.002156,0.003234
0.04428000000000001,0.8530480000000001,0.04428,0.04428,0.008820000000000012,0.0008820000000000053,0.0017640000000000086,0.0026460000000000034
0.04826078908072117,0.8455249979564672,0.04739894467109431,0.04470326829171741,0.00882,0.000882,0.0017640000000000004,0.0026460000000000003
0.04428,0.8530480000000001,0.04428,0.04428,0.00882,0.0008820000000000073,0.001764000000000015,0.0026460000000000016
0.04428,0.8530480000000001,0.04428,0.04428,0.00882,0.000882,0.001764000000000003,0.0026460000000000003
0.04428,0.8530479999999998,0.04428,0.04428,0.008820000000000001,0.000882,0.001764,0.002646000000000001
0.04428,0.853048,0.04428,0.04428000000000002,0.008820000000000005,0.000882,0.001764,0.002646
0.04452242883774972,0.8528055711622503,0.04428,0.04428,0.00882,0.000882,0.001764,0.002646
0.04581356467248513,0.8468645313606235,0.04595520801541346,0.04725469595147799,0.00882,0.000882,0.001764,0.002646
0.04654255365525285,0.8474810369334891,0.045675305259930576,0.04618910415132748,0.00882,0.0008820000000000033,0.0017640000000000002,0.002646
0.05412,0.8208468782551616,0.05366512174483846,0.05412,0.01078,0.001078,0.0021559999999999965,0.003234
0.054119999999999994,0.820392,0.05412,0.054119999999999994,0.01078,0.0010779999999999926,0.002156,0.003233999999999995
0.05411999999999999,0.820392,0.05412,0.05412,0.01078,0.0010779999999999891,0.002155999999999997,0.0032339999999999817
0.054119999999999994,0.8203920000000001,0.05412,0.05412,0.01078,0.001078,0.002155999999999998,0.003234
0.05107346094808653,0.8267138813763443,0.05315026376504664,0.05181439391052247,0.01078,0.0010779999999999995,0.002156,0.0032339999999999995
0.05412,0.820392,0.054119999999999994,0.05412,0.010779999999999994,0.001078,0.002155999999999997,0.003234
0.054119999999999994,0.820392,0.05412,0.054119999999999994,0.01078,0.0010779999999999952,0.0021559999999999926,0.003234
0.04428000000000001,0.853048,0.04428,0.04428000000000001,0.00882,0.000882,0.001764,0.002646
0.04428,0.8459370933207183,0.04751093498653468,0.0481599716927469,0.00882,0.000882,0.0017640000000000015,0.002646
0.04927624697992088,0.8411598885832704,0.04827611783090824,0.04691123324465787,0.009084513361242668,0.000882,0.001764,0.002646
0.04822492544001497,0.8379919903949216,0.04877100426143206,0.050372579072827064,0.009198251081572196,0.0008820000000000001,0.001764,0.002795249749232115
0.04428,0.853048,0.04428,0.04428,0.008820000000000005,0.000882,0.0017640000000000086,0.002646
0.05121434612443698,0.829263934768988,0.05119853769208401,0.0510751814144911,0.01078,0.0010779999999999993,0.002156,0.0032339999999999995
0.044280000000000014,0.853048,0.04428,0.04428,0.00882,0.0008820000000000017,0.0017640000000000034,0.002646000000000007
0.05161795017201034,0.8340583805631799,0.05108142820135788,0.04680702716818564,0.010245877560236977,0.001078,0.002156,0.0029553363350291596
0.04467608119379177,0.8490110254012118,0.04598020338077372,0.04622069002422279,0.00882,0.000882,0.001764,0.0026460000000000016
0.054119999999999994,0.820392,0.05412,0.05412,0.01078,0.001078,0.002155999999999997,0.003233999999999996
0.05412,0.8203919999999999,0.05412,0.05412,0.010779999999999994,0.001078,0.002155999999999999,0.003234
0.05412,0.8203919999999999,0.054119999999999994,0.05412,0.010779999999999994,0.001078,0.0021559999999999956,0.003234
0.04874606220191542,0.8378271341902132,0.04809215081208802,0.051222652795783405,0.00882,0.0008820000000000005,0.001764,0.002646
0.04428,0.8530479999999999,0.04428000000000002,0.04428,0.008820000000000005,0.000882,0.0017640000000000112,0.002646
0.04505162828859072,0.8488702084594626,0.04428,0.04724246988687059,0.00926369336507603,0.000882,0.001764,0.002646
0.05412,0.820392,0.05412,0.05412,0.01078,0.0010779999999999978,0.002156,0.003233999999999999
0.052155286999278495,0.8316384552093717,0.047425697548247464,0.051532560243102266,0.01078,0.001078,0.002156,0.003234
0.05412,0.820392,0.05412,0.05412,0.010779999999999991,0.0010779999999999978,0.0021559999999999956,0.0032339999999999947
0.05412,0.8203919999999999,0.05411999999999999,0.05412,0.010779999999999994,0.0010779999999999818,0.002156,0.003234
0.044280000000000014,0.8530479999999998,0.044280000000000014,0.04428,0.008820000000000005,0.000882,0.001764,0.002646000000000009
0.05412,0.820392,0.05412,0.05412,0.010779999999999998,0.001078,0.002156,0.0032339999999999947
0.04597239556054932,0.8447476073972331,0.0475752044684247,0.04704713062415007,0.009365661949642827,0.0008820000000000001,0.001764,0.0026460000000000003
0.04428,0.853048,0.04428,0.04428,0.00882,0.000882,0.0017640000000000004,0.002646
0.044280000000000014,0.8530479999999999,0.04428,0.04428,0.00882,0.000882,0.0017640000000000051,0.002646
0.04793707014004756,0.8354132133288702,0.049897655432048924,0.04950406109903337,0.01078,0.001077999999999999,0.002156,0.003234
0.05412,0.820392,0.05412,0.05412,0.010779999999999998,0.0010779999999999995,0.0021559999999999986,0.0032339999999999995
0.05412,0.8203919999999999,0.05412,0.05412,0.01078,0.001078,0.002156,0.003233999999999998
0.048114731973428373,0.8378888476700852,0.05156241393868735,0.04797716632827343,0.009164840089525653,0.000882,0.001764,0.002646
0.054119999999999994,0.8203919999999999,0.05412,0.05412,0.01078,0.0010779999999999982,0.0021559999999999986,0.003234
0.04428,0.853048,0.04428000000000001,0.04428,0.008820000000000017,0.000882,0.001764,0.0026460000000000008
0.04428,0.853048,0.04428,0.04428000000000001,0.008820000000000001,0.0008820000000000029,0.001764,0.002646
0.054119999999999994,0.8203920000000001,0.05412,0.054119999999999994,0.01078,0.001077999999999997,0.002155999999999987,0.003234
0.05412,0.820392,0.05412,0.05412,0.01078,0.001078,0.0021559999999999956,0.003234
0.04428,0.853048,0.04428,0.04428,0.008820000000000003,0.000882,0.0017640000000000025,0.002646
0.04686238361828198,0.846532493983884,0.04637368035129858,0.04524817502613517,0.009691267020400407,0.0008820000000000001,0.001764,0.002646
0.05374025953536676,0.8254930006243059,0.04939873984032726,0.05412,0.010779999999999998,0.001078,0.002156,0.003234
0.04428,0.8498369546859182,0.04590017770033178,0.04587086761374983,0.00882,0.000882,0.0017640000000000002,0.002646
0.04839017396415089,0.8346007861577769,0.052383454136412044,0.04971343288753081,0.009323762608637244,0.0009556021180061363,0.001898140999740405,0.0027346471277456194
0.05050192071287855,0.8296100704715748,0.052435394327386725,0.05042833936149481,0.010556275126665139,0.0010779999999999995,0.002156,0.003234
0.04679357272335437,0.8372916239591853,0.05121114469587134,0.050014227832935826,0.009397430788653216,0.000882,0.001764,0.002646
0.05149576425687217,0.8290771360910104,0.04911041147285215,0.05306868817926532,0.010779999999999998,0.0010779999999999995,0.002155999999999998,0.0032339999999999995
0.04726995089919801,0.8445101293484194,0.04561784863092806,0.04842685189303993,0.00888321922841469,0.000882,0.0017640000000000004,0.002646
0.04428000000000001,0.853048,0.04428,0.04428,0.00882,0.000882,0.0017640000000000286,0.002646000000000005
0.05274111619452042,0.8268719931050197,0.052254609746625075,0.050884280953834814,0.010779999999999998,0.001078,0.0021559999999999995,0.003234
0.04428,0.8530479999999999,0.04428,0.04428,0.008820000000000012,0.0008820000000000076,0.0017640000000000058,0.0026460000000000073
0.04989449990932127,0.8257918444214958,0.05412,0.05294565566918299,0.010779999999999996,0.001078,0.002156,0.003234
0.04808104585834296,0.8369316229706275,0.04746211066247036,0.050277220508559206,0.01078,0.001078,0.002156,0.003234
0.046648048122573865,0.8470015408076247,0.046649727103482155,0.04558868396631923,0.00882,0.0008820000000000004,0.0017640000000000021,0.002646
0.050968384647919404,0.8289439078677059,0.05033155819325365,0.052508149291121055,0.010779999999999998,0.0010779999999999993,0.0021559999999999973,0.0032339999999999973
0.04428000000000001,0.8530480000000001,0.04428,0.04428,0.00882,0.000882,0.001764,0.002646000000000007
0.0502762201257072,0.8364623976849783,0.051730416048914415,0.04708221609568012,0.009156750044719908,0.0008820000000000001,0.001764,0.002646
0.04428,0.8530479999999999,0.04428000000000001,0.044280000000000014,0.008820000000000007,0.000882,0.001764,0.002646000000000005
0.05412,0.820392,0.054119999999999994,0.05412,0.01078,0.001078,0.002155999999999999,0.0032339999999999964
0.04428,0.853048,0.04428,0.04428,0.00882,0.0008820000000000017,0.001764,0.002646000000000003
0.05020536728008454,0.837181765717208,0.050537492933797126,0.04796337406891024,0.00882,0.000882,0.001764,0.002646
0.05352358863282464,0.8264029725377424,0.05242538257020328,0.050400056259229636,0.010779999999999998,0.0010779999999999997,0.002156,0.003234
0.05412,0.8203919999999999,0.05412,0.05412,0.01078,0.001078,0.002156,0.003233999999999999
0.05118324437384485,0.8236423658927471,0.05412,0.053806389733407976,0.010779999999999998,0.0010779999999999987,0.002156,0.003234
0.052205877107089106,0.8332899239803488,0.04801113538999614,0.050551609721039885,0.009608755442245927,0.001078,0.002156,0.0030986983592801685
0.05411999999999998,0.820392,0.05412,0.05412,0.010779999999999991,0.001077999999999996,0.002155999999999993,0.003234
0.04428,0.853048,0.04428000000000001,0.04428000000000002,0.00882000000000001,0.000882,0.001764,0.002646
0.04428,0.8530479999999999,0.04428,0.04428,0.00882,0.000882,0.001764,0.0026460000000000264
0.05412,0.8203919999999999,0.05412,0.05412,0.010779999999999991,0.001078,0.0021559999999999973,0.003234
0.05022281902621095,0.8368257081490418,0.048294030081227166,0.04909774194619322,0.00956303398614508,0.0009654217959969473,0.0021018936740945728,0.0029293513410902105
0.045699622521031415,0.8484828109559733,0.04428,0.04742556652299536,0.00882,0.000882,0.0017640000000000004,0.002646
0.044280000000000014,0.8530479999999999,0.04428,0.04428,0.00882,0.000882,0.0017640000000000104,0.002646
0.04428,0.853048,0.04428,0.04428,0.00882,0.000882,0.0017640000000000015,0.002646
0.05412,0.820392,0.05412,0.05412,0.01078,0.001078,0.0021559999999999978,0.003234
0.04428,0.8530479999999999,0.044280000000000014,0.044280000000000014,0.00882,0.000882,0.0017640000000000032,0.002646
0.05412,0.820392,0.05412,0.05411999999999999,0.01078,0.001078,0.0021559999999999973,0.003234
0.04428,0.8530480000000001,0.04428,0.04428000000000001,0.00882,0.000882000000000005,0.001764,0.002646
0.05385676078242031,0.8219131399398499,0.05412,0.05286209927772972,0.01078,0.001078,0.002156,0.003233999999999999
0.04885781159734093,0.8420817743425438,0.04761331561713097,0.047335098442984336,0.00882,0.000882,0.0017640000000000025,0.0026460000000000003
0.05412,0.820392,0.05412,0.05412,0.01078,0.001078,0.002156,0.003233999999999997
0.05412,0.820392,0.05412,0.05412,0.010779999999999998,0.001078,0.002156,0.003234
0.04770018659993292,0.8347313689223328,0.04622695135204401,0.05412,0.010753493125690334,0.0010779999999999995,0.0021559999999999995,0.003234
0.05412,0.820392,0.05412,0.054119999999999994,0.010779999999999988,0.0010779999999999965,0.002155999999999994,0.003234
0.05412,0.8203920000000001,0.05411999999999999,0.05412,0.010779999999999998,0.001078,0.002156,0.00323399999999998
0.04428,0.8530480000000001,0.04428,0.04428,0.00882,0.000882,0.0017640000000000051,0.0026460000000000086
0.05412,0.820392,0.05412,0.05411999999999999,0.01078,0.001078,0.002156,0.003234
0.04976648021349258,0.8370814305922443,0.052213319139668576,0.046317104680619,0.009329665373975506,0.000882,0.001764,0.002646
0.04428,0.853048,0.044280000000000014,0.044280000000000014,0.008820000000000008,0.0008820000000000086,0.001764,0.0026460000000000056
0.04960659016744672,0.8331508705338734,0.05398317886642858,0.04715364469640666,0.009637715735844635,0.0010779999999999995,0.002156,0.003234
0.04428000000000001,0.853048,0.044280000000000014,0.04428000000000001,0.00882,0.0008820000000000016,0.001764,0.002646
0.04428,0.853048,0.04428,0.04428,0.00882,0.0008820000000000017,0.0017640000000000138,0.002646000000000006
0.05411999999999999,0.820392,0.054119999999999974,0.05411999999999995,0.01078,0.001078,0.002156,0.003234
0.05412,0.820392,0.054119999999999994,0.05412,0.010779999999999994,0.001078,0.0021559999999999973,0.003234
0.04498621900774928,0.8511329196187652,0.04474429387839219,0.04502456749509326,0.008820000000000001,0.000882,0.001764,0.0026460000000000016
0.052395887505633724,0.8335474257311011,0.05095647110068357,0.04671574312790117,0.010667513252112456,0.000905739375589831,0.0019431508157882697,0.0028680690911899167
0.05412,0.8203919999999999,0.05411999999999999,0.05411999999999999,0.01078,0.001078,0.002156,0.003233999999999994
0.05412,0.820392,0.05412,0.05412,0.010779999999999993,0.001077999999999999,0.002155999999999995,0.0032339999999999973
0.05075821052407141,0.8385054538123113,0.047730377812985024,0.048893957850632296,0.00882,0.0008820000000000005,0.001764,0.002646
0.04428,0.8530479999999999,0.04428,0.04428,0.00882,0.0008820000000000004,0.0017640000000000004,0.002646
0.046676970557138805,0.8466059525048583,0.04695836624646254,0.045646710691540346,0.00882,0.000882,0.0017640000000000004,0.0026460000000000008
0.04428,0.8530479999999999,0.04428,0.04428,0.00882,0.0008820000000000004,0.001764,0.0026460000000000034
0.05412,0.822948541072491,0.0516573258885351,0.054026133038973946,0.010779999999999994,0.0010779999999999987,0.002155999999999998,0.003234
0.046416679511211145,0.8365306096906677,0.05128926298314065,0.0487279325432174,0.010567515271763035,0.0010779999999999993,0.002156,0.003234
0.054119999999999994,0.820392,0.05412,0.05412,0.01078,0.001078,0.002155999999999999,0.003233999999999988
0.04428,0.8493836769080558,0.04794432309194424,0.04428,0.00882,0.000882,0.001764,0.002646
0.05412,0.8203919999999999,0.05412,0.054119999999999994,0.010779999999999998,0.001078,0.0021559999999999956,0.003233999999999983
0.05412,0.8203919999999999,0.05412,0.05412,0.01078,0.001078,0.0021559999999999978,0.003234
0.053101751942860265,0.8319533786207758,0.050974384613866774,0.04695820804747011,0.010544276775027178,0.0010779999999999997,0.002156,0.003234
0.05412,0.8207521085437284,0.05375989145627162,0.05412,0.01078,0.001078,0.002155999999999999,0.003234
0.05412,0.820392,0.05412,0.05412,0.010779999999999996,0.001078,0.002156,0.003233999999999997
0.05412,0.8218294765906319,0.05268252340936808,0.05412,0.01078,0.001077999999999998,0.002156,0.003234
0.05412,0.8203919999999999,0.05412,0.054119999999999994,0.010779999999999994,0.001078,0.002156,0.003234
0.04428,0.853048,0.04428,0.04428,0.008820000000000012,0.0008820000000000047,0.0017640000000000075,0.002646
0.04428,0.8508784619700118,0.04644953802998808,0.04428,0.00882,0.0008820000000000007,0.001764,0.002646
0.05412,0.820392,0.054119999999999974,0.05412,0.01078,0.001078,0.002156,0.003234
0.04558210587647722,0.8423302944711378,0.04990738942894093,0.04806821022344397,0.008820000000000001,0.000882,0.0017640000000000006,0.002646
0.04428,0.853048,0.04428,0.04428,0.00882,0.000882,0.001764,0.002646
0.04428,0.8530480000000001,0.044280000000000014,0.04428,0.008820000000000008,0.000882000000000003,0.0017640000000000097,0.002646000000000001
0.04428,0.853048,0.04428000000000002,0.04428,0.008820000000000005,0.000882,0.001764,0.002646000000000005
0.05412,0.8203920000000001,0.05412,0.05412,0.01078,0.0010779999999999995,0.002156,0.0032339999999999995
0.04647352454719606,0.8400873381279799,0.04772845445320793,0.04895932031060237,0.010283362561013783,0.001078,0.002156,0.003234
0.054119999999999974,0.820392,0.05412,0.05412,0.01078,0.0010779999999999952,0.0021559999999999917,0.003234
0.05024613202493038,0.835145903896764,0.048420716973406074,0.050140120309328164,0.010406294501608697,0.0009002614390723014,0.0018137509350274804,0.0029268199198628515
0.04903413190379445,0.8406119583027366,0.04636068359607476,0.04988122619739411,0.00882,0.000882,0.001764,0.002646
0.04428,0.8525584135146742,0.044291038111453074,0.04475854837387272,0.00882,0.000882,0.0017640000000000017,0.0026460000000000016
0.053272754577581675,0.8212392454224183,0.05412,0.05412,0.01078,0.001077999999999999,0.002156,0.003234
0.05325054855958451,0.8258533986803349,0.05343260950162079,0.05077315255166079,0.010222290706798946,0.001078,0.002156,0.003234
0.05412,0.8263242535299493,0.04930812115328235,0.053357015793203115,0.010422609523565161,0.0010779999999999993,0.0021559999999999995,0.003234
0.05100705913953367,0.8415173202288678,0.04638554336266368,0.04590129905099309,0.009896778217941759,0.000882,0.001764,0.002646
0.04428,0.8530480000000001,0.04428,0.04428,0.008820000000000001,0.000882,0.001764,0.0026460000000000047
0.051035163004736483,0.8276635116061042,0.0510036789259565,0.05304964646320282,0.01078,0.001078,0.002156,0.0032339999999999995
0.04428,0.8526563270180432,0.044671672981956824,0.04428,0.00882,0.000882,0.0017640000000000002,0.002646
0.05412,0.820392,0.05411999999999998,0.05412,0.010779999999999991,0.0010779999999999924,0.002156,0.003234
0.05411999999999999,0.8203919999999999,0.05412,0.05412,0.01078,0.001077999999999997,0.00215599999999999,0.003233999999999995
0.04550522867075235,0.84743034699258,0.046793655030852616,0.046158769305815,0.00882,0.0008820000000000011,0.0017640000000000006,0.002646
0.05412,0.820392,0.054119999999999974,0.05411999999999996,0.01077999999999999,0.001078,0.002156,0.003233999999999993
0.0468990378288091,0.8414393131641003,0.04854547608631461,0.04841025245112167,0.009413920469654419,0.0008820000000000004,0.0017640000000000002,0.002646
0.05412,0.8208682259682357,0.05412,0.05364377403176429,0.01078,0.0010779999999999997,0.002155999999999999,0.003234
0.04428,0.8530479999999999,0.04428,0.04428000000000001,0.00882,0.000882000000000002,0.001764000000000002,0.002646
0.0504495908926141,0.8262771986277544,0.053581961158634145,0.05244324932099731,0.01078,0.001078,0.002156,0.003234
0.05412,0.820392,0.05412,0.05412,0.010779999999999996,0.001078,0.0021559999999999973,0.003234
0.05407645947409589,0.8220096512936571,0.05254588923224711,0.05412,0.01078,0.001078,0.002155999999999999,0.0032339999999999986
0.05412,0.820392,0.05412,0.05412,0.010779999999999998,0.001078,0.0021559999999999973,0.0032339999999999995
0.05333688261426555,0.8230271232533684,0.052267994132366165,0.05412,0.01078,0.001078,0.002156,0.003233999999999998
0.05412,0.8217636567901964,0.053877844464429926,0.05299049874537368,0.010779999999999998,0.0010779999999999989,0.002156,0.003234
0.05371965495425625,0.8215873796147272,0.05332496543101669,0.05412,0.01078,0.0010779999999999997,0.002155999999999998,0.003234
0.05412,0.820392,0.054119999999999994,0.054119999999999994,0.01078,0.001078,0.0021559999999999973,0.003234
0.04428,0.853048,0.04428,0.04428,0.008820000000000008,0.0008820000000000039,0.0017640000000000108,0.002646000000000011
0.04428000000000001,0.8530479999999999,0.04428,0.04428,0.008820000000000005,0.0008820000000000019,0.0017640000000000043,0.002646
0.053077800557382565,0.826243056474808,0.052026740648972426,0.05140440231883712,0.01078,0.0010779999999999989,0.002155999999999999,0.0032339999999999986
0.05412,0.8203919999999999,0.05412,0.05412,0.01078,0.0010779999999999883,0.002155999999999992,0.0032339999999999804
0.05160298594895645,0.8346408084006917,0.04947916671767419,0.0475655060482164,0.010243532884461407,0.0010779999999999997,0.002156,0.003234
0.04428,0.8530480000000001,0.04428,0.04428,0.008820000000000008,0.0008820000000000044,0.001764,0.002646000000000005
0.052783981307197296,0.8318513748882531,0.0491267499060748,0.05113518574138345,0.009691104153097914,0.000882,0.0018836040039933776,0.002646
0.04428,0.8530480000000001,0.04428,0.04428,0.00882000000000002,0.0008820000000000008,0.001764000000000026,0.002646000000000005
0.04428,0.853048,0.04428,0.044280000000000014,0.00882,0.000882,0.001764,0.002646000000000007
0.051490966246305725,0.8404620111656762,0.04752601161145939,0.046254345473448095,0.008974665503110487,0.000882,0.0017640000000000004,0.0026460000000000003
0.05412,0.8216545610406631,0.05412,0.052857438959336894,0.01078,0.001078,0.0021559999999999995,0.003234
0.054119999999999994,0.820392,0.05411999999999998,0.05412,0.010779999999999996,0.001078,0.002156,0.003234
0.04648747541941927,0.8416864853526056,0.05168507626034939,0.04602896296762583,0.00882,0.000882,0.001764,0.002646
0.04428000000000001,0.8530480000000001,0.04428,0.04428,0.00882,0.000882,0.001764000000000006,0.0026460000000000064
0.04428,0.8530479999999999,0.04428,0.04428,0.008820000000000008,0.0008820000000000013,0.001764,0.0026460000000000025
0.04581716211041221,0.8464892861977329,0.04611192961500729,0.04746962207684757,0.00882,0.0008820000000000007,0.001764,0.002646
0.05412,0.820392,0.05411999999999999,0.05411999999999999,0.01078,0.001078,0.002156,0.003234
0.05336973937910057,0.8223918173025024,0.05412,0.052870443318397055,0.010779999999999998,0.0010779999999999978,0.002156,0.003234
0.04483437331080092,0.8493279462047044,0.047445680484494726,0.04428,0.00882,0.0008820000000000011,0.0017640000000000002,0.0026460000000000003
0.05058564176251906,0.8350596776285975,0.04669800378212735,0.05157457632785184,0.009614100498904233,0.0010779999999999997,0.002156,0.003234
0.04428,0.853048,0.04428,0.04428,0.00882,0.000882,0.0017640000000000138,0.002646000000000008
0.054119999999999994,0.820392,0.05412,0.05412,0.010779999999999998,0.0010779999999999971,0.002156,0.003234
0.05352594881288252,0.8246013888082234,0.05050466237889405,0.05412,0.010779999999999998,0.001078,0.002156,0.003234
0.05411999999999998,0.820392,0.05412,0.054119999999999994,0.01078,0.0010779999999999971,0.0021559999999999913,0.003234
0.05412,0.820392,0.05412,0.05412,0.01078,0.0010779999999999993,0.002155999999999999,0.003233999999999997
0.04872416753733282,0.8359641708052704,0.050371239834287505,0.047735884377674585,0.01078,0.001078,0.0021125374454347722,0.003234
0.05412,0.8203919999999999,0.05412,0.05412,0.010779999999999998,0.0010779999999999995,0.002156,0.0032339999999999964
0.045967368405025036,0.8444665849930499,0.04909232977390967,0.046361716828015494,0.00882,0.0008820000000000004,0.001764,0.0026460000000000003
0.05412,0.820392,0.05412,0.05412,0.01078,0.001078,0.002156,0.003233999999999997
0.04428,0.8530480000000003,0.04428,0.04428,0.00882,0.000882,0.001764000000000003,0.002646
0.05412,0.8270410409999309,0.051935045230666485,0.04965591376940248,0.01078,0.001078,0.002156,0.003234
0.05412,0.820392,0.05412,0.054119999999999994,0.010779999999999994,0.0010779999999999926,0.002155999999999977,0.003234
0.04428,0.853048,0.04428,0.04428,0.00882,0.000882,0.0017640000000000138,0.00264600000000001
0.04786451385971786,0.8360106060554164,0.049404099396111,0.049472780688754735,0.01078,0.001078,0.002156,0.0032339999999999995
0.044280000000000014,0.8530480000000001,0.04428,0.04428,0.00882,0.000882,0.0017640000000000281,0.0026460000000000056
0.04766620746145509,0.8389502777527681,0.050345411619804416,0.048833891579088115,0.008912211586884364,0.0008820000000000002,0.001764,0.002646
0.047511909622855196,0.843896690755608,0.04632215156491323,0.04815724805662344,0.00882,0.000882,0.001764,0.002646
0.05412,0.820392,0.05411999999999998,0.05412,0.010779999999999994,0.001078,0.002156,0.003234
0.047128474505513725,0.8440523928990447,0.045752757918919994,0.047419907971369545,0.009790967733475067,0.0010693404480168972,0.0019506265032412438,0.002835532020418786
0.05291321572804902,0.8241594952237328,0.05412,0.05155928904821818,0.010779999999999998,0.001078,0.002155999999999999,0.003233999999999998
0.04842712658432235,0.8428158299033807,0.045667302212334664,0.04709850245356687,0.010579589116372365,0.0009382153683154093,0.0018274343617077247,0.002646
0.05412,0.8203919999999999,0.05411999999999998,0.05412,0.01078,0.001078,0.002156,0.0032339999999999947
0.05261388017424827,0.8319662101223674,0.050531087838834095,0.04764082186455027,0.01078,0.001078,0.0021559999999999995,0.0032339999999999995
0.05412,0.8203919999999999,0.05412,0.05412,0.01078,0.0010779999999999965,0.002155999999999999,0.003234
0.045361441653801855,0.8519646880546252,0.04428,0.04428187029157302,0.00882,0.0008820000000000003,0.001764,0.0026460000000000016
0.05006933138898147,0.828124579978117,0.05043808863290147,0.05412,0.010779999999999998,0.001078,0.002156,0.003234
0.04428,0.853048,0.044280000000000014,0.04428,0.008820000000000007,0.0008820000000000013,0.001764,0.0026460000000000056
0.05412,0.820392,0.054119999999999994,0.054119999999999994,0.01078,0.001077999999999997,0.002156,0.003234
0.04428000000000001,0.8530480000000001,0.04428000000000001,0.04428000000000001,0.008820000000000005,0.0008820000000000105,0.001764,0.002646
0.04698643263261273,0.849708846650735,0.04491272071665232,0.04428,0.00882,0.0008820000000000011,0.0017640000000000004,0.0026460000000000016
0.04428,0.8530479999999999,0.04428,0.04428000000000003,0.008820000000000015,0.0008820000000000366,0.001764000000000007,0.002646
0.04449119909377245,0.8527669023915043,0.04428,0.04434989851472341,0.00882,0.0008820000000000027,0.001764000000000002,0.002646000000000003
0.05412,0.8203919999999999,0.05412,0.05412,0.01078,0.001078,0.002155999999999988,0.003234
0.05412,0.820392,0.054119999999999994,0.05412,0.010779999999999998,0.001078,0.002156,0.003234
0.04428,0.8530479999999998,0.04428,0.044280000000000014,0.00882,0.0008820000000000043,0.0017640000000000008,0.002646
0.04567030759972856,0.8508891641218517,0.045048528278419715,0.04428,0.00882,0.000882,0.001764,0.002646
0.05412,0.820392,0.05412,0.05412,0.010779999999999994,0.001077999999999996,0.002156,0.0032339999999999986
0.04672093746151467,0.8415112035426559,0.047594080048936255,0.050061778946893135,0.00882,0.000882,0.0017640000000000006,0.0026460000000000003
0.04860338217310539,0.8413147028743619,0.04725229301237545,0.04798862032995489,0.009549001610202234,0.000882,0.001764,0.002646
0.054118446632389454,0.823739510359549,0.05412,0.050774043008061556,0.01078,0.0010779999999999995,0.002156,0.0032339999999999973
0.04428,0.853048,0.044280000000000014,0.04428,0.00882,0.0008820000000000006,0.0017640000000000051,0.002646
0.05412,0.820392,0.05412,0.05412,0.010779999999999993,0.001078,0.002155999999999985,0.00323399999999998
0.04428,0.853048,0.04428,0.04428,0.008820000000000001,0.0008820000000000034,0.001764,0.002646
0.05412,0.820392,0.05412,0.054119999999999994,0.01078,0.0010779999999999995,0.0021559999999999986,0.003234
0.045563180306397916,0.8517648196936021,0.04428,0.04428,0.00882,0.0008820000000000015,0.0017640000000000012,0.002646000000000002
0.04428,0.853048,0.04428,0.04428,0.008820000000000001,0.0008820000000000145,0.0017640000000000095,0.002646
0.05412,0.8203919999999999,0.054119999999999994,0.05412,0.01077999999999998,0.001078,0.002155999999999989,0.003233999999999998
0.04428,0.853048,0.04428,0.04428000000000001,0.00882,0.000882,0.0017640000000000021,0.002646
0.05412,0.820392,0.05412,0.05412,0.01078,0.0010779999999999978,0.002156,0.0032339999999999825
0.04784160742038449,0.8393464464997725,0.04878105996267196,0.04948047345245891,0.009258412664712277,0.000882,0.001764,0.002646
0.04649832371525514,0.8483163888411801,0.046108662359745256,0.04496462508381952,0.008820000000000001,0.000882,0.0017640000000000017,0.002646
0.054119999999999994,0.8203919999999999,0.05412,0.05412,0.010779999999999994,0.0010779999999999989,0.002156,0.003233999999999996
0.04428,0.853048,0.04428,0.04428,0.008820000000000001,0.000882,0.001764,0.002646
0.04856703424696291,0.8455789745396012,0.04428,0.047461991213435736,0.00882,0.0008820000000000001,0.001764,0.002646
0.04428000000000001,0.8530479999999998,0.04428,0.04428,0.008820000000000005,0.000882,0.0017640000000000032,0.0026460000000000016
0.05412,0.820392,0.05412,0.05412,0.010779999999999986,0.001078,0.002155999999999998,0.003233999999999998
0.05121752291932098,0.8370258563049726,0.05119152970671017,0.04512131695797001,0.00950079177070275,0.0009995274901539323,0.0020452981584960354,0.002898156691673434
0.050366749072142274,0.8442259481853085,0.0448627006808509,0.04635261393234452,0.008899988129353739,0.000882,0.001764,0.002646
0.04428,0.853048,0.04428,0.04428000000000001,0.008820000000000001,0.0008820000000000015,0.0017640000000000004,0.002646
0.04716498768165756,0.8437651388663727,0.04913430463932014,0.045823568812649464,0.00882,0.0008820000000000001,0.001764,0.002646
0.04476783281849222,0.8517028767800381,0.04513729040146965,0.04428,0.008820000000000001,0.0008820000000000002,0.0017640000000000008,0.002646
0.04428,0.8486358285557417,0.045796581352839975,0.04717559009141834,0.00882,0.0008820000000000002,0.0017640000000000002,0.002646
0.04428,0.8530480000000001,0.04428000000000001,0.044280000000000014,0.00882,0.000882,0.001764,0.002646
0.0476643347856291,0.8337427251136305,0.050883406146016656,0.05046153395472382,0.01078,0.001078,0.002156,0.003233999999999999
0.05412,0.8203919999999999,0.05412,0.05412,0.01078,0.0010779999999999956,0.002155999999999987,0.003234
0.04428,0.8530479999999998,0.04428,0.04428000000000001,0.00882,0.000882,0.001764000000000021,0.002646
0.050839853254810885,0.8279534606344585,0.049838686110730626,0.05412,0.01078,0.001077999999999999,0.002156,0.003233999999999999
0.047521498346479285,0.8467631314946309,0.04613655590792669,0.045466814250963064,0.00882,0.000882,0.0017640000000000002,0.0026460000000000003
0.04428,0.8522763398586529,0.04428,0.04505166014134723,0.00882,0.0008820000000000004,0.0017640000000000021,0.0026460000000000008
0.04598258415885068,0.8395131204434442,0.049208203169202165,0.05118409222850305,0.00882,0.0008820000000000001,0.001764,0.002646
0.044280000000000014,0.8530480000000001,0.04428,0.04428000000000001,0.00882,0.000882,0.0017640000000000225,0.002646
0.049704331836553664,0.8459005554716893,0.04539159501667494,0.0448915176750821,0.008820000000000001,0.0008820000000000004,0.0017640000000000021,0.002646
0.05412,0.820392,0.05412,0.054119999999999994,0.01078,0.001078,0.002155999999999999,0.003234
0.05412,0.820392,0.054119999999999994,0.05412,0.010779999999999993,0.001077999999999996,0.002155999999999995,0.003234
0.04428,0.8511234148274173,0.04428,0.04620458517258293,0.008820000000000001,0.0008820000000000002,0.001764,0.002646
0.04543838300751134,0.8468811870961275,0.04928842989636127,0.04428,0.008820000000000001,0.000882000000000002,0.001764,0.002646000000000001
0.05412,0.820392,0.05412,0.05412,0.01078,0.0010779999999999997,0.002155999999999998,0.003234
0.04466048710421157,0.8523788092295986,0.04428,0.04456870366618989,0.00882,0.000882,0.0017640000000000004,0.002646000000000003
0.05412,0.820392,0.05412,0.05411999999999999,0.01078,0.001078,0.0021559999999999774,0.003234
0.05412,0.820392,0.054119999999999994,0.05412,0.01078,0.0010779999999999958,0.002156,0.003233999999999997
0.044280000000000014,0.8530479999999999,0.04428,0.04428,0.008820000000000001,0.0008820000000000084,0.001764,0.0026460000000000116
0.05412,0.820392,0.05412,0.05412,0.01078,0.001078,0.002155999999999998,0.003234
0.04428,0.8530480000000001,0.04428,0.04428,0.008820000000000001,0.000882,0.001764,0.002646
0.05411999999999999,0.8203919999999999,0.054119999999999994,0.05412,0.01078,0.0010779999999999982,0.002156,0.003234
0.0507420087352065,0.8316952712616966,0.05159379144847499,0.04897521168602981,0.010525716868592123,0.001078,0.002156,0.003234
0.04732960012704058,0.8458310194388678,0.04537253968233774,0.047354840751753696,0.00882,0.000882,0.0017640000000000004,0.002646
